# callgrind format
version: 1
creator: callgrind-3.18.1
pid: 485637
cmd:  ./bin/main
part: 1


desc: I1 cache: 
desc: D1 cache: 
desc: LL cache: 

desc: Timerange: Basic block 0 - 2255946187
desc: Trigger: Program termination

positions: line
events: Ir
summary: 13378081650


ob=(1) /usr/lib/x86_64-linux-gnu/ld-linux-x86-64.so.2
fl=(55) ./io/../sysdeps/unix/sysv/linux/open64_nocancel.c
fn=(178) __open_nocancel
28 13
+3 13
-3 39
+3 78
+8 91
+2 3
-2 30
+2 10

fl=(16) ./elf/../sysdeps/x86/cpu-features.c
fn=(40) update_active.constprop.0
43 7
+45 1
-41 1
+28 1
-18 1
+31 1
+4 1
-36 1
-1 1
+37 1
-26 1
-11 1
+1 1
+36 2
+1 1
-17 1
-21 1
+25 1
-4 1
-11 1
+28 1
-1 1
-36 1
+18 1
+19 1
-13 1
-4 1
-11 1
+19 1
+11 1
-3 1
-12 1
+14 1
-29 1
+18 1
+9 1
-18 1
+13 1
-13 1
-9 1
+29 2
+3 1
-14 1
-9 1
+9 1
+4 1
+10 1
-17 1
+7 1
+5 1
+5 1
+1 1
-1 1
+1 2
+2 2
+1 4
+3 1
+1 1
-1 1
+1 1
-1 1
+1 1
-1 1
+1 1
+4 2
+4 2
+2 4
+83 3
+12 2
+1 1
+3 3
+4 1
-4 1
+4 1
+67 3
+4 3
fi=(18) ./elf/../sysdeps/x86/get-isa-level.h
31 1
-3 1
+3 1
-1 2
fe=(16)
296 1
+1 8
-75 3
+1 2
+3 1
-1 1
+9 1
-5 1
+2 1
-2 1
+5 1
fi=(18)
32 3
+4 3
fe=(16)
+83 2
+2 1
+3 2
+10 1
+10 1
-10 1
+10 1
-10 1
+6 1
+4 1
-4 1
-6 1
+6 1
+2 1
-2 1
+2 3
+7 4
fi=(18)
39 3
+1 4
+5 1
-7 1
+7 3
+2 1
+1 2
+1 3
+2 4
+1 2
+1 2
+6 1
-4 1
+4 1
-3 2
fe=(16)
+75 1
-5 2
+4 1

fn=(34) init_cpu_features.constprop.0
399 1
+16 1
-16 6
+3 1
+1 1
+1 1
+11 2
+3 6
593 1
+94 5
+1 1
+3 2
+1 1
+6 1
+3 1
fi=(19) ./elf/../sysdeps/x86/dl-cacheinfo.h
+5 1
+2 1
fe=(16)
-9 1
fi=(19)
+23 2
840 1
+34 1
-34 17
+33 2
+25 2
+21 2
-21 2
+13 3
+8 1
-8 1
+8 1
cfi=(10) ./elf/./elf/dl-tunables.c
cfn=(24) __tunable_get_val
calls=1 402 
* 21
* 1
+2 2
+3 4
cfi=(10)
cfn=(24)
calls=1 402 
* 21
* 1
+5 2
-3 2
+3 2
cfi=(10)
cfn=(24)
calls=1 402 
* 21
* 1
+2 2
+3 4
cfi=(10)
cfn=(24)
calls=1 402 
* 21
* 1
+1 2
+22 1
-16 4
+3 3
-3 1
cfi=(10)
cfn=(24)
calls=1 402 
* 21
+3 3
-3 2
+3 10
cfi=(10)
cfn=(54) __GI___tunable_set_val
calls=1 157 
* 58
+1 8
cfi=(10)
cfn=(54)
calls=1 157 
* 58
+1 9
cfi=(10)
cfn=(54)
calls=1 157 
* 58
+2 8
cfi=(10)
cfn=(54)
calls=1 157 
* 58
+2 9
cfi=(10)
cfn=(54)
calls=1 157 
* 58
+4 2
fe=(16)
706 1
fi=(19)
954 2
fe=(16)
706 2
fi=(19)
954 4
fe=(16)
706 1
cfi=(10)
cfn=(24)
calls=1 402 
* 19
+4 3
+14 1
-1 2
+1 3
+47 1
-1 1
+1 1
+46 4
cfi=(10)
cfn=(24)
calls=1 402 
* 19
+2 4
cfi=(10)
cfn=(24)
calls=1 402 
* 19
fi=(21) ./elf/../sysdeps/unix/sysv/linux/x86/cpu-features.c
27 6
fe=(16)
829 2
+45 8
fi=(19)
+7 11
fe=(16)
775 3
+27 2
-10 2
+1 2
+2 3
+1 2
+2 3
+1 2
fi=(19)
-75 3
cfn=(46) handle_intel.constprop.0
calls=1 255 
* 437
+1 1
-1 2
+1 1
cfn=(46)
calls=1 255 
* 478
+1 1
-1 1
+1 1
cfn=(46)
calls=1 255 
* 503
+3 1
-3 2
+3 1
cfn=(46)
calls=1 255 
* 459
+2 1
-2 1
+2 1
cfn=(46)
calls=1 255 
* 451
+3 1
-2 1
-1 1
+3 1
cfn=(46)
calls=1 255 
* 428
fe=(16)

ob=(3) /usr/lib/x86_64-linux-gnu/libc.so.6
fl=(184) ./io/../sysdeps/unix/sysv/linux/fstat64.c
fn=(676) fstat
29 2
+1 2
+5 3
cfi=(185) ./io/../sysdeps/unix/sysv/linux/fstatat64.c
cfn=(678) fstatat
calls=1 153 
* 8

fl=(154) ./gmon/./gmon/gmon.c
fn=(526) monstartup
123 2
+9 1
-9 1
+9 1
-9 2
+10 2
+1 2
-11 1
+9 1
+3 1
+11 1
-13 1
+2 1
-1 1
+1 1
+10 1
-9 1
-1 2
+8 1
+4 2
+6 2
-2 1
+2 2
cob=(2) ???
cfi=(51) ???
cfn=(528) 0x0000000004876400
calls=1 0 
* 13049
+1 2
+8 1
+7 1
-8 1
+27 1
-21 1
-3 1
+6 1
-7 1
+1 1
+6 2
+3 9
-72 3
+6 3
cfi=(162) ./gmon/../sysdeps/posix/profil.c
cfn=(560) profil
calls=1 -41 
* 153
+1 1
+83 6
-45 6
+3 2
+2 1
-5 1
+5 2

fn=(736) callback
54 1
+1 1
+11 1
-11 2
+7 2
+1 1
+4 1

fn=(720) write_gmon
355 1
+4 1
-4 10
+4 1
cfi=(192) ./stdlib/./stdlib/getenv.c
cfn=(722) getenv
calls=1 34 
* 285
+1 2
+10 5
cfi=(194) ./io/../sysdeps/unix/sysv/linux/open64_nocancel.c
cfn=(728) __open_nocancel
calls=1 28 
* 30
* 1
+2 2
+23 1
+3 2
-3 1
+1 1
211 1
397 2
+1 1
cfi=(195) ./io/../sysdeps/unix/sysv/linux/write_nocancel.c
cfn=(730) __write_nocancel
calls=1 25 
* 6
+5 2
-2 1
+2 1
cfi=(196) ./elf/./elf/dl-iteratephdr.c
cfn=(732) dl_iterate_phdr
calls=1 33 
* 162
+4 1
200 1
-2 3
+2 2
+49 1
+9 5
+5 1
-5 2
+2 1
+1 1
+3 1
-6 2
+5 31
-5 62
+2 31
+1 31
+3 31
-6 62
+11 1
-2 1
+2 1160
+2 1536
+31 5
+30 1
-17 1
fi=(199) ./gmon/../sysdeps/unix/sysv/linux/not-cancel.h
67 1
fe=(154)
311 1
+4 3
+10 1
+1 1
-1 1
+1 1
-1 1
+1 1
-1 1
+1 1
+6 2
fi=(199)
59 2
cfi=(200) ./io/../sysdeps/unix/sysv/linux/close_nocancel.c
cfn=(742) __close_nocancel
calls=1 -34 
* 6
fe=(154)
416 11
233 1
-22 3
+24 1
-24 1
+22 1
-22 4
+24 1
-2 1
+3 1
cfi=(166) ./gmon/../sysdeps/unix/sysv/linux/prof-freq.c
cfn=(568) __profile_frequency
calls=1 26 
* 4
fi=(199)
67 3
fe=(154)
236 1
fi=(199)
67 1
fe=(154)
237 4
fi=(199)
67 1
fe=(154)
237 2
+1 1
fi=(199)
67 1
fe=(154)
410 2

fn=(718) _mcleanup
440 1
101 2
440 1
113 5
cfi=(162)
cfn=(560)
calls=1 -47 
* 99
+1 1
444 1
cfn=(720)
calls=1 -89 
* 3561
+3 1
+1 1
-1 1
cob=(2)
cfi=(51)
cfn=(744) 0x0000000004876370
calls=1 0 
* 134

fl=(153) ./stdlib/./stdlib/cxa_atexit.c
fn=(514) __cxa_atexit
69 18
-28 4
+2 12
+1 4
cfn=(516) __new_exitfn
calls=2 +38 
* 68
+2 4
+10 2
+2 2
-5 6
+3 2
-1 2
+4 4
+1 2
-1 4
+12 12

fn=(516)
82 2
+6 4
-6 8
+11 8
-10 4
+12 4
+1 5
-1 4
-2 1
+10 1
-10 3
+13 2
+25 1
+1 2
-1 2
+7 1
+5 1
-4 1
+4 4
-5 1
+5 1
-4 1
+4 4
-18 1
-1 1
+1 1

fl=(200)
fn=(742)
25 1
+1 4
+1 1

fl=(86) ./wcsmbs/../sysdeps/x86_64/multiarch/wcsnlen.c
fn=(300) wcsnlen
29 1
fi=(87) ./wcsmbs/../sysdeps/x86_64/multiarch/ifunc-wcslen.h
+5 4
-1 2
+2 3
+2 2
+4 3
+3 3
fe=(86)
-15 1

fl=(98) ./wcsmbs/../sysdeps/x86_64/multiarch/wcscmp.c
fn=(330) wcscmp
30 1
fi=(94) ./wcsmbs/../sysdeps/x86_64/multiarch/ifunc-avx2.h
+3 5
-1 2
+2 3
+2 2
+4 3
+3 4
fe=(98)
-13 1

fl=(150) ./libio/./libio/vtables.c
fn=(506) check_stdfiles_vtables
83 1
+1 4
+1 3
+1 3
+2 1

fl=(177) ./stdio-common/./stdio-common/printf.c
fn=(656) printf
28 260000
+4 20000
+1 40000
-1 40000
+1 20000
-1 20000
+1 20000
-1 20000
+1 20000
-1 20000
+1 20000
cfi=(178) ./stdio-common/./stdio-common/vfprintf-internal.c
cfn=(658) __vfprintf_internal
calls=20000 1180 
* 20180638
+4 100000

fl=(127) ./string/../sysdeps/x86_64/multiarch/rawmemchr.c
fn=(406) rawmemchr
31 1
fi=(123) ./string/../sysdeps/x86_64/multiarch/ifunc-evex.h
+4 5
-1 2
+2 3
+5 2
-3 2
+9 3
+3 4
fe=(127)
-19 1

fl=(117) ./string/../sysdeps/x86_64/multiarch/strlen.c
fn=(378) strlen
29 1
fi=(83) ./string/../sysdeps/x86_64/multiarch/ifunc-avx2.h
+4 5
-1 2
+2 3
+2 2
+4 3
+3 4
fe=(117)
-14 1

fl=(129) ./time/../sysdeps/unix/sysv/linux/time.c
fn=(414) time
38 1
fi=(206) ./time/../sysdeps/unix/sysv/linux/dl-vdso.h
+2 2
+1 2
fe=(129)
-3 2

fn=(612) time_syscall
31 1
+1 4
+1 1

fl=(163) ./signal/./signal/sigaction.c
fn=(562) sigaction
26 2
+1 6
fi=(164) ./signal/../sysdeps/unix/sysv/linux/internal-signals.h
+25 2
fe=(163)
-25 4
+6 2
cfi=(165) ./signal/../sysdeps/unix/sysv/linux/libc_sigaction.c
cfn=(566) __libc_sigaction
calls=2 +10 
* 126

fl=(99) ./string/../sysdeps/x86_64/multiarch/stpncpy.c
fn=(334) stpncpy
31 1
fi=(100) ./string/../sysdeps/x86_64/multiarch/ifunc-strcpy.h
+5 2
+1 1
-1 2
+1 2
+2 2
+4 3
+3 3
fe=(99)
-15 1

fl=(158) ./malloc/./malloc/morecore.c
fn=(550) __glibc_morecore
25 4
+1 8
-1 4
+4 4
cfi=(159) ./misc/./misc/sbrk.c
cfn=(552) sbrk
calls=4 +8 
* 135
+1 8
+4 8

fl=(162)
fn=(560)
66 14
+12 6
-3 8
+13 2
+16 1
+5 1
+8 2
-13 1
-1 1
+1 1
+13 1
-12 1
+1 1
+3 1
+6 1
fi=(207) ./gmon/../sysdeps/unix/sysv/linux/sigsetops.h
-53 1
fe=(162)
+55 1
cfi=(163)
cfn=(562)
calls=1 -91 
* 83
* 2
+3 1
+1 1
cfi=(166)
cfn=(568)
calls=1 -95 
* 4
+2 2
-2 4
+2 1
-2 2
+1 2
+1 1
cfi=(167) ./time/../sysdeps/unix/sysv/linux/setitimer.c
cfn=(570) setitimer
calls=1 -94 
* 6
+1 12
-46 2
+4 4
cfi=(167)
cfn=(570)
calls=1 -53 
* 6
* 2
+2 1
+1 3
+39 1
-39 2
+39 1
-39 1
+39 4
-39 1
cfi=(163)
cfn=(562)
calls=1 -59 
* 59

fl=(126) ./string/../sysdeps/x86_64/multiarch/strncase.c
fn=(404) strncasecmp
31 1
fi=(208) ./string/../sysdeps/x86_64/multiarch/ifunc-strcasecmp.h
+1 5
fe=(126)
-1 1

fl=(194)
fn=(728)
28 2
+3 1
-3 6
+3 2
+8 7
+2 5
-7 2
+1 1
-1 3
+2 1

fl=(101) ./wcsmbs/../sysdeps/x86_64/multiarch/wmemchr.c
fn=(338) wmemchr
31 2
fi=(102) ./wcsmbs/../sysdeps/x86_64/multiarch/ifunc-evex.h
+4 10
-1 4
+2 6
+5 4
-3 4
+9 6
+3 8
fe=(101)
-19 2

fl=(90) ./wcsmbs/../sysdeps/x86_64/multiarch/wcslen.c
fn=(308) wcslen
29 1
fi=(87)
+5 4
-1 2
+2 3
+2 2
+4 3
+3 3
fe=(90)
-15 1

fl=(105) ./string/../sysdeps/x86_64/multiarch/strcspn.c
fn=(346) strcspn
29 1
fi=(209) ./string/../sysdeps/x86_64/multiarch/ifunc-sse4_2.h
+1 5
fe=(105)
-1 1

fl=(124) ./string/../sysdeps/x86_64/multiarch/strspn.c
fn=(398) strspn
29 1
fi=(209)
+1 5
fe=(124)
-1 1

fl=(118) ./string/../sysdeps/x86_64/multiarch/strncpy.c
fn=(382) strncpy
29 1
fi=(100)
+7 2
+1 1
-1 2
+1 2
+2 2
+4 3
+3 3
fe=(118)
-17 1

fl=(138) ./ctype/./ctype/ctype-info.c
fn=(444) __ctype_init
29 1
+2 7
+2 4
+2 4
+1 1

fl=(170) ./setjmp/../sysdeps/x86_64/setjmp.S
fn=(594) __sigsetjmp
30 1
+2 1
+9 1
+1 2
+1 1
+4 1
+1 1
+1 1
+1 1
+1 1
+2 2
+2 1
+1 1
+1 1
+2 2
+2 1
+5 1
+1 1
+17 1
cfi=(171) ./setjmp/./setjmp/sigjmp.c
cfn=(596) __sigjmp_save
calls=1 -56 
* 9

fl=(182) ./libio/./libio/genops.c
fn=(798) _IO_flush_all_lockp
686 12
+5 6
cfi=(180) ./nptl/./nptl/libc-cleanup.c
cfn=(664) __libc_cleanup_push_defer
calls=1 24 
* 10
+1 9
+3 1
-8 1
+5 2
+3 2
fi=(188) ./libio/./libio/libioP.h
940 4
fe=(182)
709 6
+2 3
-16 9
+2 3
+1 6
+3 21
+14 9
+1 2
cfi=(180)
cfn=(702) __libc_cleanup_pop_restore
calls=1 39 
* 8
+4 12

fn=(806) _IO_default_setbuf
452 2
fi=(188)
940 1
fe=(182)
452 2
fi=(188)
940 1
fe=(182)
452 1
fi=(188)
940 1
fe=(182)
452 4
+1 1
fi=(188)
942 2
+1 2
fe=(182)
453 2
cfi=(181) ./libio/./libio/fileops.c
cfn=(808) _IO_file_sync@@GLIBC_2.2.5
calls=1 792 
* 18
* 2
+4 1
330 1
462 1
-7 2
332 2
+5 1
-5 1
+5 1
467 1
332 1
466 4
+2 6
-11 1
+1 2
-1 1
330 4

fn=(796) _IO_cleanup
863 2
+3 1
-3 9
-77 1
+80 1
cfn=(798)
calls=1 686 
* 126
-80 2
+80 1
-80 3
cfi=(180)
cfn=(664)
calls=1 24 
* 10
+1 9
+3 1
-3 2
+3 2
fi=(188)
940 4
fe=(182)
838 3
-48 9
+9 9
+2 6
+6 13
+8 5
+9 1
fi=(188)
942 2
+1 2
fe=(182)
824 4
cfi=(181)
cfn=(804) _IO_file_setbuf@@GLIBC_2.2.5
calls=1 381 
* 83
+2 3
+4 5
+1 8
+11 9
+1 2
cfi=(180)
cfn=(702)
calls=1 39 
* 8
+35 12
-59 1
-2 1
+3 1
-3 1
+2 3

fn=(682) _IO_setb
329 9
+1 4
+5 2
-3 1
+3 4
+3 4

fn=(686) _IO_default_xsputn
371 1
+3 2
-3 8
fi=(188)
940 1
fe=(182)
371 1
fi=(188)
940 1
fe=(182)
371 1
fi=(188)
940 1
fe=(182)
371 2
+28 20
fi=(188)
942 12
+1 12
fe=(182)
399 24
cfi=(181)
cfn=(668) _IO_file_overflow@@GLIBC_2.2.5
calls=6 731 
* 204
* 12
+2 6
-22 34
+25 1
-29 1
+29 7

fn=(670) _IO_doallocbuf
343 1
+1 2
-1 3
+3 4
+1 1
fi=(188)
940 3
+2 2
+1 2
fe=(182)
347 2
cfi=(183) ./libio/./libio/filedoalloc.c
cfn=(672) _IO_file_doallocate
calls=1 78 
* 299
* 2
+3 4

fl=(195)
fn=(730)
25 1
+1 4
+1 1

fl=(203) ./posix/./posix/register-atfork.c
fn=(758) __unregister_atfork
76 4
+1 2
-1 2
+1 6
fi=(204) ./posix/../malloc/dynarray-skeleton.c
243 2
fe=(203)
65 4
+38 8
+1 4

fl=(84) ./string/../sysdeps/x86_64/multiarch/strpbrk.c
fn=(296) strpbrk
29 1
fi=(209)
+1 5
fe=(84)
-1 1

fl=(106) ./wcsmbs/../sysdeps/x86_64/multiarch/wcscpy.c
fn=(348) wcscpy
43 1
-6 5
+6 1

fl=(178)
fn=(658)
1180 240000
+30 100000
+8 60001
+4 100000
+11 40000
+11 20000
fi=(210) ./stdio-common/./stdio-common/printf-parse.h
111 40000
fe=(178)
1244 100000
fi=(210)
111 20000
cob=(2)
cfi=(51)
cfn=(660) 0x00000000048764d0
calls=20000 0 
* 420000
fe=(178)
1259 20000
fi=(210)
111 20000
fe=(178)
1259 60000
239 20000
fi=(211) ./stdio-common/../libio/libioP.h
940 20000
fe=(178)
1263 20000
fi=(211)
942 20000
-2 20000
fe=(178)
1263 20000
fi=(211)
940 40000
+2 40000
+1 40000
fe=(178)
239 80000
cfi=(181)
cfn=(666) _IO_file_xsputn@@GLIBC_2.2.5
calls=20000 1197 
* 1170702
* 40000
127 180000
1263 40000
+4 60000
+4 160000
1532 20000
1214 20000
+34 20000
-8 20000
1532 60000
+23 20000
-39 20000
+39 20000
-39 20000
+39 40000
1313 450000
+39 30000
-51 30000
-1 30000
-1 30000
-1 30000
+5 30000
1501 30000
fi=(210)
88 30000
fe=(178)
1352 30000
-46 30000
-4 30000
+50 30000
1501 30000
1295 30000
-1 30000
-1 30000
-1 30000
-1 30000
+16 60000
1608 40000
+1 40000
+3 240000
-4 180000
1218 39998

ob=(1)
fl=(16)
fn=(34)
fi=(19)
736 1
-2 1
+2 1
cfn=(46)
calls=1 255 
* 429
+3 1
-2 1
-1 1
+3 1
cfn=(46)
calls=1 255 
* 469
+2 1
-2 1
+2 1
cfn=(46)
calls=1 255 
* 470
+3 1
-3 1
+3 1
cfn=(46)
calls=1 255 
* 494
+2 1
-2 1
+2 1
cfn=(46)
calls=1 255 
* 495
+2 1
-2 1
+2 1
cfn=(46)
calls=1 255 
* 790
+2 3
-2 1
+2 1
cfn=(52) get_common_cache_info.constprop.0
calls=1 481 
* 215
863 11
fe=(16)
424 6
cfn=(36) get_common_indices.constprop.0
calls=1 -99 
* 71
303 3
+1 2
+1 6
+5 2
+1 6
+5 2
+1 6
429 1
cfn=(40)
calls=1 43 
* 194
+2 1
+2 1
+83 1
-85 2
564 2
+7 2
+2 1
+4 2
+6 2
422 2
-3 1
+14 3
+1 4
+69 1
+10 11
+42 1
+1 1
434 11
+55 3

fn=(36)
325 1
+4 4
+3 3
+5 2
-5 1
+5 1
-5 1
+4 1
+1 1
+1 4
+1 4
+1 3
+1 2
+7 2
+2 5
+5 1
-5 1
+5 1
-5 1
+5 1
-5 2
+5 1
+7 1
-7 4
+7 1
+1 3
+6 1
-6 4
+6 1
fi=(17) ./elf/../sysdeps/unix/sysv/linux/x86/dl-minsigstacksize.h
24 2
+3 2
+1 2
+37 3
+7 1
+2 1
fe=(16)
384 2

fl=(39) ./elf/../sysdeps/x86_64/dl-hwcaps-subdirs.c
fn=(110) _dl_hwcaps_subdirs_active
29 1
fi=(18)
+2 1
fe=(39)
+7 1
fi=(18)
-7 2
-1 2
fe=(39)
+22 1
fi=(18)
-20 3
+4 1
fe=(39)
+2 1
fi=(18)
-2 2
+3 4
+1 4
+5 1
fe=(39)
-7 1
fi=(18)
+7 3
fe=(39)
-2 1
fi=(18)
+5 2
+1 3
+2 4
+1 2
+1 2
+6 1
fe=(39)
-11 1
fi=(18)
+11 1
-3 2
fe=(39)

fl=(59) ./io/../sysdeps/unix/sysv/linux/fstatat64.c
fn=(192) fstatat
153 26
-55 26
+70 30
+1 4
-2 18
+1 18

fl=(14) ./elf/../sysdeps/unix/sysv/linux/brk.c
fn=(28) brk
35 1
+1 3
+1 2
+6 1
+1 1

fl=(135) ./elf/./elf/dl-lookup-direct.c
fn=(436) _dl_lookup_direct
74 30
+2 3
-2 3
+4 3
-4 3
+2 3
+2 9
+37 3
-37 9
+1 6
+2 12
+3 25
-52 3
+54 6
-54 3
+54 3
-54 9
+1 9
+2 6
+1 6
+12 12
+3 3
+2 3
-2 3
+2 9
cfi=(32) ./string/../sysdeps/x86_64/strcmp.S
cfn=(90) strcmp
calls=3 +55 
* 207
* 6
+4 6
+1 3
-1 3
+1 18
+1 9
cfi=(32)
cfn=(90)
calls=3 +49 
* 75
* 6
+57 27
-23 6

fl=(50) ./string/../sysdeps/x86_64/strcspn.S
fn=(158) strcspn
25 1
+2 1
+7 1
+1 1
+2 1
+1 1
+1 1
+1 1
+1 33
+3 3
+7 1
+1 1
+1 1
+1 1
+2 1
+1 1
+1 1
+1 1
+2 1
+1 1
+1 1
+9 3
+12 1
+2 1
+1 1
+1 1
-4 12
+2 12
+1 12
+1 12
+2 13
+1 13
+1 13
+2 13
+1 13
+1 13
+2 13
+1 13
+1 13
+2 1
+1 1
+1 1
+2 1
+7 1
+4 1

fl=(7) ./elf/./elf/dl-minimal.c
fn=(426) __rtld_malloc_init_real
76 2
+10 1
fi=(132) ./elf/../sysdeps/generic/dl-hash.h
-41 1
fe=(7)
+31 1
fi=(132)
-32 1
fe=(7)
+32 5
+11 1
-1 1
fi=(132)
-43 1
+5 3
+14 4
-17 3
+3 15
+14 20
-17 15
fe=(7)
+46 2
fi=(132)
-24 1
fe=(7)
+22 1
+2 2
fi=(132)
-19 1
fe=(7)
+19 1
cfn=(430) lookup_malloc_symbol
calls=1 -30 
* 575
+1 3
-1 1
+1 1
cfn=(430)
calls=1 -31 
* 575
+1 3
-1 1
+1 1
cfn=(430)
calls=1 -32 
* 561
+1 3
-1 1
+1 1
cfn=(430)
calls=1 -33 
* 553
+5 1
+1 1
+1 1
+1 1
+1 7

fn=(12) __rtld_malloc_init_stubs
42 1
+1 2
+1 2
+1 2
+1 2
+1 1

fn=(136) strsep
239 2
+3 4
+2 2
+1 4
+4 33
+7 84
-2 56
+13 1
+4 4
-22 14
+15 14
-15 30

fn=(430)
61 8
+3 4
-3 16
+3 4
-3 4
+3 8
-1 4
+1 12
cfi=(78) ./elf/./elf/dl-lookup.c
cfn=(278) _dl_lookup_symbol_x
calls=4 840 
* 2104
+4 28
+1 28
+2 4
fi=(133) ./elf/./dl-sym-post.h
-30 8
+12 12
fe=(7)
+19 20

fl=(22) ./string/../sysdeps/x86_64/multiarch/strlen-vec.S
fn=(60) strlen
41 16
+44 16
+1 16
+1 16
+1 16
+1 16
+1 16
+1 16
+2 16
+2 16
+31 16
+1 16
+1 16
+1 16
+1 16
+1 10
+2 10
+4 6
+1 6
+1 6
+1 6
+1 6
+1 6
+1 6
+1 6
+1 6
+1 6
+1 6
+1 6
+5 48

fl=(46) ./elf/./elf/dl-debug.c
fn=(152) _dl_debug_state
116 2
+1 2

fn=(146) _dl_debug_initialize
56 1
+3 2
+4 1
-6 1
+4 1
+2 2
+22 2
+5 2
+1 1
+1 1
-1 1
-1 1
+5 2
+4 2
+8 2
-43 2
+32 6

fn=(186) _dl_debug_update
38 3
+3 3
-1 6
+4 6
+4 3

fl=(66) ./elf/./elf/dl-deps.c
fn=(210) _dl_map_object_deps
159 5
+1 3
-1 1
+1 1
-1 2
+1 1
-1 3
+1 1
-1 4
+1 12
-8 1
-7 1
+15 1
-14 1
+6 1
+8 1
-15 1
+7 1
-8 1
+1 1
+7 1
-7 1
+31 3
-28 3
-2 1
+31 1
-33 2
+2 2
+30 2
-30 1
-1 4
+7 4
+24 2
-32 1
+60 1
-60 2
+36 1
fi=(73) ./elf/../include/scratch_buffer.h
77 3
fe=(66)
198 1
fi=(73)
78 1
fe=(66)
200 2
+98 1
198 1
+4 1
+7 1
+4 4
-4 3
+4 12
+11 12
-18 2
+18 4
433 12
+2 2
+3 2
-3 4
+3 2
fi=(28) ./elf/../include/rtld-malloc.h
56 2
cfi=(27) ./elf/./elf/dl-minimal-malloc.c
cfn=(76) __minimal_malloc
calls=2 -21 
* 50
* 2
fe=(66)
439 4
+6 2
+1 10
cfi=(29) ./string/../sysdeps/x86_64/multiarch/memmove-vec-unaligned-erms.S
cfn=(80) memcpy
calls=2 212 
* 22
+1 10
cfi=(29)
cfn=(80)
calls=2 212 
* 22
+4 2
-1 2
+5 16
204 9
458 9
-1 4
+1 8
199 3
+27 10
+5 2
+6 2
-5 2
-1 2
+2 4
+4 8
-31 2
+31 2
+1 6
+6 8
cfi=(31) ./elf/./elf/dl-load.c
cfn=(212) _dl_dst_count
calls=2 -6 
* 108
* 6
+4 4
-2 2
+2 4
cob=(2)
cfi=(51)
cfn=(164) 0x0000000004002050
calls=2 0 
* 6846
+1 4
+9 2
+2 4
+5 10
+6 2
+2 2
-8 4
+3 2
+1 2
+1 2
+1 2
+4 10
+4 6
+1 3
-43 200
+1 96
+44 144
-38 4
fi=(73)
85 3
fe=(66)
464 6
+1 1
+3 4
+11 3
fi=(28)
56 1
cfi=(27)
cfn=(76)
calls=1 -21 
* 25
* 1
fe=(66)
481 2
+5 3
+1 1
-1 2
+4 2
-2 1
+2 1
-2 2
+11 3
+5 3
-14 9
-2 3
+4 3
+7 3
-2 6
-5 1
+7 1
-2 2
+2 2
+5 1
-14 6
+17 2
+52 3
+37 3
+15 1
-11 1
+11 1
-14 2
+20 1
-1 3
+1 3
-1 5
cfi=(12) ./elf/./elf/dl-sort-maps.c
cfn=(244) _dl_sort_maps
calls=1 288 
* 260
+5 1
+3 1
-1 1
+2 2
+7 3
+3 3
+3 8
214 25
+3 2
fi=(73)
-86 6
cfi=(72) ./malloc/./malloc/scratch_buffer_set_array_size.c
cfn=(238) __libc_scratch_buffer_set_array_size
calls=2 30 
* 40
fe=(66)
+86 4
+4 6
611 2
cfi=(29)
cfn=(80)
calls=1 212 
* 11
* 1
-53 2
160 2
380 6

fn=(214) openaux
61 6
+7 2
-4 4
+1 2
-1 16
cfi=(31)
cfn=(172) _dl_map_object
calls=2 2022 
* 6688
* 2
+5 4

fl=(24) ./elf/../sysdeps/nptl/dl-tls_init_tp.c
fn=(264) __tls_init_tp
68 2
fi=(212) ./elf/../include/list.h
-24 1
fe=(24)
+24 1
fi=(212)
-25 1
fe=(24)
+26 1
+3 1
fi=(212)
-29 1
+1 1
+1 1
+2 1
fe=(24)
+28 4
+1 2
+1 1
+5 2
+5 1
+6 1
-3 1
+3 1
-6 3
+6 1
+13 3
fi=(75) ./elf/../sysdeps/unix/sysv/linux/rseq-internal.h
-72 1
fe=(24)
+72 1
cfi=(10)
cfn=(24)
calls=1 402 
* 20
fi=(75)
-74 3
+2 6
+3 2
+3 1
fe=(24)
+83 3
+7 2
+2 1
+1 1
+1 3

fn=(66) __tls_pre_init_tp
53 3
+3 8
+5 1
-5 1
+5 1
+1 1
-6 1
+8 1

fn=(84) rtld_mutex_dummy
42 8
+2 16

fl=(23) ./elf/../misc/sbrk.c
fn=(62) sbrk
37 5
+3 1
+18 2
+4 2
+16 5

fl=(27)
fn=(72) __minimal_calloc
78 8
+4 8
-4 32
+7 8
+1 24
fi=(28)
-30 8
cfi=(27)
cfn=(76)
calls=8 -21 
* 235
fe=(27)

fn=(144) __minimal_free
95 3
+2 12

fn=(76)
35 120
+1 24
+11 24
-11 48
+11 48
+3 24
-3 24
+3 136
+18 24
+1 24
+2 96
-16 8
+1 4
+2 2
+1 14
cfi=(60) ./misc/../sysdeps/unix/sysv/linux/mmap64.c
cfn=(194) mmap
calls=2 -12 
* 18
* 2
+2 4
+2 4
+2 2
+4 2
-4 4
-23 1
-1 1
+1 1
+1 2
-2 2

fl=(67) ./io/../sysdeps/unix/sysv/linux/stat64.c
fn=(220) stat
28 20
+1 40
cfi=(59)
cfn=(192)
calls=10 153 
* 98

fl=(26) ./elf/./elf/dl-object.c
fn=(70) _dl_new_object
59 42
+3 6
+18 2
+3 2
-3 2
+3 2
cfi=(22)
cfn=(60)
calls=2 -42 
* 52
+4 4
-4 4
+9 4
fi=(28)
-48 6
cfi=(27)
cfn=(72)
calls=2 +34 
* 100
fe=(26)
+48 1
fi=(28)
-48 3
cfi=(27)
cfn=(72)
calls=1 +34 
* 43
* 3
fe=(26)
+51 6
+5 3
-2 3
+6 3
-4 3
+4 3
-5 3
+4 3
+1 3
-1 3
+1 6
cfi=(29)
cfn=(80)
calls=3 212 
* 44
* 6
+2 3
+13 6
+6 1
+2 7
+3 2
-3 14
+3 4
+9 3
-7 3
+4 3
+3 15
+2 1
-2 3
+2 15
-2 45
+16 6
-5 3
+5 3
-6 3
+6 3
-6 3
+6 6
+2 4
+3 4
-3 4
+7 8
+4 4
+8 2
+3 2
+10 3
-10 4
+10 6
+2 2
+21 2
-21 2
cfi=(22)
cfn=(60)
calls=2 41 
* 70
* 6
+17 2
-13 6
+50 6
cfi=(29)
cfn=(128) mempcpy
calls=2 -46 
* 34
* 2
+5 4
+1 4
-1 80
+1 80
+2 4
+3 2
+3 2
+4 27
131 8
-12 4
+34 1
+7 4
+8 8
fi=(28)
56 4
cfi=(27)
cfn=(76)
calls=2 -21 
* 50
* 2
fe=(26)
200 8
64 2
+2 3
+1 2
+10 5
-6 2

fn=(82) _dl_add_to_namespace_list
31 6
+2 3
-2 6
+2 3
-2 6
+2 3
cfi=(24)
cfn=(84)
calls=3 +9 
* 9
+2 23
+3 20
+2 2
+2 2
+4 2
+4 2
-4 4
+1 2
+4 2
-4 2
+1 2
+3 2
-3 2
+3 2
-1 2
cfi=(24)
cfn=(84)
calls=2 -8 
* 6
-4 1
+4 1
-4 2
+1 1
+4 1
-4 1
+1 1
+3 1
-3 1
+3 1
-1 1
cfi=(24)
cfn=(84)
calls=1 -8 
* 3
-5 2

fl=(44) ./string/../sysdeps/x86_64/multiarch/memset-vec-unaligned-erms.S
fn=(132) memset
125 7
+1 35
+6 7
+1 7
+1 7
+1 7
+2 1
+1 1
+1 1
+65 4
+1 4
+2 4
+76 6
+1 6
+5 6
+3 6
+1 6
+3 2
+1 2
+13 2
+1 2
+2 2
+3 1
+3 2
+3 1
+1 1
+1 1
+1 1
+1 1
+1 1
+1 1
-6 27
+1 27
+1 27
+1 27
+1 27
+1 27
+1 27
+3 2
+1 2
+1 2
+1 2
+5 2

fl=(19)
fn=(46)
255 24
-5 24
+16 12
-16 72
+13 12
+1 36
-3 24
+11 60
+5 24
+2 12
+1 12
-1 12
+5 48
cfn=(48) intel_check_word.constprop.0
calls=12 123 
* 3876
+2 24
+3 60
cfn=(48)
calls=12 123 
* 1156
+2 24
+3 5
cfn=(48)
calls=1 123 
* 20
+2 2
+3 5
cfn=(48)
calls=1 123 
* 255
+2 2
-35 3
+39 3
+5 96

fn=(48)
123 78
-4 78
+10 104
-10 26
+10 52
+2 52
+71 200
-71 102
+2 63
+2 126
+8 126
+51 102
+22 51
fi=(20) ./elf/../bits/stdlib-bsearch.h
28 51
-1 102
+4 102
+1 51
fe=(19)
+78 102
fi=(20)
-79 76
+1 38
fe=(19)
+78 76
+3 345
fi=(20)
-84 820
+2 512
+1 256
fe=(19)
+78 512
+15 15
246 104
fi=(20)
37 63
-8 151
fe=(19)
155 36
+3 36
-6 54
+3 14
+9 14
+23 19
-32 57
+3 57
+4 50
+2 100
+2 50
+2 36
+4 11
+2 22
+6 14
+3 8
+1 12
-8 4
+2 4
-1 4
-1 4
+2 8
-2 4
+3 12
-2 12
+2 8
-10 24
+1 10
+11 12
-26 4
+9 4
+23 2
-32 6
+3 6
+4 8
+2 16
+2 8
-11 3
+7 6
+2 12

fn=(52)
481 1
+17 1
-17 4
+16 1
-16 1
+15 1
-15 3
+18 1
-1 1
+9 2
+3 3
+11 1
-11 1
-5 1
+21 3
+4 2
681 4
+1 5
+4 2
+9 2
-2 1
+2 2
-1 1
+1 3
535 6
+3 8
+7 2
-7 9
+7 6
+3 26
+14 2
+4 1
+3 1
+1 1
-4 2
+3 3
+6 2
-37 6
+15 2
+4 1
+1 1
-1 2
+18 2
-68 6
+74 4
+8 7
+2 2
+4 3
+2 1
+2 5
-4 1
+16 1
-16 3
+21 2
-21 4
+3 1
+1 4
-4 1
+6 4
+3 2
+5 1
+2 2
+1 1
+1 1
-2 2
+1 1
-19 5
+46 2
+1 1
+1 2
+2 2
-1 3
-23 2
+7 1
+2 2
-16 1
+22 1
-6 2
+1 1
+5 1

fl=(145) ./elf/./elf/dl-init.c
fn=(476) _dl_init
77 12
+1 1
+1 1
+3 3
+8 2
+25 1
+1 5
+1 2
-86 4
+86 6
-86 12
+2 20
cfn=(478) call_init.part.0
calls=3 -7 
* 199
+83 12
+7 8
-92 4
+2 6
cfn=(478)
calls=1 -7 
* 61
+52 2

fn=(478)
26 32
+13 4
-13 4
+16 4
-3 8
+3 8
+5 6
+8 9
+1 6
cob=(2)
cfi=(51)
cfn=(480) 0x000000000483f000
calls=1 -56 
* 26
+3 3
+1 6
+6 2
+2 2
-2 1
+3 7
+1 4
cob=(3)
cfi=(150)
cfn=(506)
calls=1 +13 
* 12
* 4
cob=(3)
cfi=(147) ./csu/./csu/init-first.c
cfn=(498) _init_first
calls=1 -24 
* 80
-1 6
+3 24
-29 2

fl=(130) ./elf/./elf/dl-find_object.c
fn=(418) _dl_find_object_init
561 4
+3 1
+2 2
+13 1
cfn=(422) _dlfo_process_initial
calls=1 474 
* 79
+1 1
-1 1
+1 1
fi=(28)
56 1
cfi=(27)
cfn=(76)
calls=1 -21 
* 25
fe=(130)
580 1
fi=(28)
56 1
fe=(130)
582 2
+3 2
+5 1
+1 1
cfn=(422)
calls=1 474 
* 280
+3 3
+10 4
-37 2
cfi=(131) ./elf/./dl-find_object.h
cfn=(420) _dl_find_object_from_map
calls=1 95 
* 68
* 1
+29 2
cfn=(424) _dlfo_sort_mappings
calls=1 -60 
* 80
+3 6
+2 1

fn=(422)
474 2
+3 2
-3 2
+1 2
+3 4
+26 14
+1 6
+1 8
-1 16
+3 28
+3 24
-7 10
+25 2
+2 8
-18 18
+3 6
-1 6
cfi=(131)
cfn=(420)
calls=3 95 
* 189
+2 12

fn=(424)
536 1
+1 2
+3 4
+4 1
+1 1
-1 1
+1 2
-1 1
+1 1
-1 1
+1 6
+1 19
-1 9
+8 6
+1 4
-1 2
-13 4
+14 6
+1 4
-15 4
+17 1

fl=(68) ./elf/./elf/dl-cache.c
fn=(230) _dl_cache_libcmp
370 10
+1 10
+32 10
-33 20
+1 24
+2 53
+2 53
-2 106
+20 102
+2 102
-12 43
+2 43
+14 43
+1 43
-29 86
+32 6
-28 4
+8 2
-2 4
+1 4
-1 2
+2 6
+2 2
-3 2
+3 6
+2 4
+9 24

fn=(470) _dl_unload_cache
537 1
+1 4
-1 1
+3 2
cfi=(128) ./misc/../sysdeps/unix/syscall-template.S
cfn=(472) munmap
calls=1 117 
* 6
+1 1
+4 1
+2 2

fn=(222) _dl_load_cache_lookup
416 10
+2 2
+3 3
+74 1
208 1
495 2
+3 3
fi=(70) ./elf/../sysdeps/x86/dl-procinfo.h
39 2
+3 3
cfi=(32)
cfn=(90)
calls=1 +66 
* 25
* 4
fe=(68)
212 6
cfi=(10)
cfn=(24)
calls=1 402 
* 21
* 1
+16 2
-16 1
+6 2
+10 1
-7 5
+9 3
+1 1
-37 2
+37 1
+4 2
-5 21
+1 7
-37 14
+37 7
+4 14
+4 24
cfn=(230)
calls=8 370 
* 594
+1 16
359 7
+3 6
228 6
360 4
228 11
+2 5
+20 4
+3 4
+2 8
cfn=(230)
calls=2 370 
* 220
* 4
+2 1
-9 4
-30 2
+1 1
+95 1
-95 1
-1 8
+96 3
-47 2
+10 2
+1 3
fi=(69) ./elf/../sysdeps/generic/dl-cache.h
125 5
fe=(68)
294 2
+9 2
+3 2
+2 3
+1 2
+5 2
+1 4
+7 2
+21 4
513 2
+12 2
cfi=(22)
cfn=(60)
calls=1 41 
* 35
* 12
+1 1
-1 1
+1 1
-1 1
+1 1
cfi=(29)
cfn=(80)
calls=1 212 
* 11
* 1
+1 1
cfi=(45) ./string/./string/strdup.c
cfn=(140) strdup
calls=1 40 
* 89
+1 8
-3 2
424 4
cfi=(54) ./elf/./elf/dl-misc.c
cfn=(224) _dl_sysdep_read_whole_file
calls=1 36 
* 91
* 1
+8 5
+1 8
+3 4
+1 1
-1 3
fi=(69)
194 1
+1 5
fe=(68)
444 1
+1 2

fl=(65) ./io/../sysdeps/unix/sysv/linux/access.c
fn=(208) access
25 1
+2 7
+4 1

fl=(42) ./string/../sysdeps/x86_64/multiarch/../strchr.S
fn=(118) index
23 15
+1 15
+1 15
+1 15
+1 15
+1 15
+1 15
+1 15
+1 15
+1 15
+1 15
+1 15
+1 15
+1 15
+1 15
+1 15
+1 15
+1 15
+1 13
+4 13
+1 13
+1 13
+1 13
+2 13
+4 2
+1 2
+1 2
+1 2
+1 2
+1 2
+1 2
+1 2
+1 2
+1 2
+1 2
+1 2
+1 2
+1 2
+1 2
+1 2
+1 2
+1 2
+1 2
+1 2
+1 2
+1 2
+1 2
+1 2
+52 2
+4 2
+1 2
+1 2
+1 2
+2 2

fl=(52) ./elf/./elf/dl-error-skeleton.c
fn=(162) _dl_catch_error
225 10
+2 2
cob=(2)
cfi=(51)
cfn=(164)
calls=1 0 
* 2759
+1 2
+1 1
+1 1
-1 1
+1 1
+2 5

fn=(248) _dl_receive_error
238 6
+1 1
+1 1
+3 1
+1 1
+2 1
cfi=(2) ./elf/./elf/rtld.c
cfn=(250) version_check_doit
calls=1 696 
* 3507
+2 1
+1 1
+1 4

fn=(166) _dl_catch_exception
175 9
+5 3
-5 9
+5 3
-2 6
+22 3
-1 3
+7 6
-6 3
+3 6
+3 3
cfi=(53) ./setjmp/../sysdeps/x86_64/setjmp.S
cfn=(168) __sigsetjmp
calls=3 30 
* 72
* 12
+2 9
cfi=(66)
cfn=(214)
calls=2 61 
* 6724
cfi=(2)
cfn=(170) map_doit
calls=1 663 
* 2698
+2 3
-1 3
+1 3
-1 3
+1 6
+9 12

fl=(38) ./elf/./elf/dl-hwcaps.c
fn=(108) _dl_important_hwcaps
175 5
+1 1
-1 6
+1 1
-1 1
+1 1
-1 1
+1 1
-1 1
+1 2
cfi=(10)
cfn=(24)
calls=1 402 
* 21
* 1
+2 2
+1 3
+26 2
-26 1
+25 1
cfi=(39)
cfn=(110)
calls=1 29 
* 47
fi=(40) ./elf/./dl-hwcaps.h
54 1
fe=(38)
205 1
-1 1
fi=(40)
56 1
+32 1
+1 1
+1 1
fe=(38)
-35 2
cfi=(41) ./elf/./elf/dl-hwcaps_split.c
cfn=(116) _dl_hwcaps_split_masked
calls=1 -4 
* 13
* 2
fi=(40)
-1 1
+2 2
-2 1
+34 2
+1 2
+1 1
fe=(38)
-32 2
-1 2
+1 2
+1 2
-1 2
-3 4
cfi=(41)
cfn=(116)
calls=2 -4 
* 114
* 2
cfi=(41)
cfn=(116)
calls=1 -4 
* 122
* 6
+48 5
fi=(28)
-47 1
cfi=(27)
cfn=(76)
calls=1 -21 
* 25
fe=(38)
+47 1
+2 2
+3 2
fi=(40)
-52 1
fe=(38)
+55 1
-3 1
fi=(40)
-54 2
+3 1
fe=(38)
+58 2
cfi=(41)
cfn=(122) _dl_hwcaps_split
calls=1 -90 
* 12
* 2
fi=(40)
-61 1
+2 2
-2 1
+34 2
+1 2
+1 1
fe=(38)
+40 4
+1 2
-1 6
+2 2
+1 2
-2 6
-3 4
cfi=(41)
cfn=(116)
calls=2 -77 
* 114
* 2
cfi=(41)
cfn=(116)
calls=1 -77 
* 122
* 6
+8 2
+9 1
-15 1
+15 2
-15 1
+15 8
+9 2
+4 7
cfi=(43) ./string/../sysdeps/x86_64/memcmp.S
cfn=(124) bcmp
calls=1 22 
* 41
+1 2
+1 1
+4 1
+1 2
+1 1
-20 2
+19 1
+1 1
-20 2
-1 4
+70 1
+1 1
+4 1
-5 2
+1 4
+4 2
-4 1
+4 4
+1 1
-1 1
+1 2
+1 2
-2 5
+1 1
-1 1
+1 2
+1 2
-2 5
+5 1
+3 2
-3 2
+3 15
+7 1
-7 2
+2 3
+1 4
+2 1
fi=(213) ./elf/../sysdeps/x86/dl-hwcap.h
57 1
fe=(38)
233 2
fi=(213)
57 1
fe=(38)
233 2
fi=(213)
57 1
fe=(38)
233 1
+1 1
cfi=(22)
cfn=(60)
calls=1 41 
* 17
+1 1
+1 1
-6 1
+4 1
+1 1
-5 1
+5 1
+1 1
-1 2
-5 4
+10 3
-2 3
+2 1
+1 1
+1 1
-1 1
+4 4
+1 1
-1 1
+4 2
+4 1
-1 1
+1 4
-1 2
+4 3
+1 3
+19 10
+6 2
fi=(28)
56 1
cfi=(27)
cfn=(76)
calls=1 -21 
* 25
* 1
fe=(38)
283 2
+8 1
fi=(40)
54 1
+2 1
+34 1
-2 2
fe=(38)
-5 1
291 1
fi=(40)
54 1
+35 1
fe=(38)
291 1
fi=(40)
90 1
fe=(38)
-10 2
cfi=(41)
cfn=(116)
calls=1 -29 
* 13
* 2
fi=(40)
-26 2
+2 1
fe=(38)
+27 1
fi=(40)
-29 1
+34 2
+1 2
+1 1
fe=(38)
-8 2
+1 4
+7 2
-7 10
cfi=(29)
cfn=(128)
calls=2 199 
* 26
+4 2
+2 2
+2 2
-2 4
-9 4
cfi=(41)
cfn=(116)
calls=2 -29 
* 114
* 2
cfi=(41)
cfn=(116)
calls=1 -29 
* 122
* 6
304 1
+2 1
-2 1
-48 2
+72 1
-72 1
376 2
+13 2
-58 1
+45 1
+13 1
-58 1
-75 1
+82 1
+10 2
-92 1
+88 1
+4 3
-4 1
+3 7
-3 2
-3 1
+3 1
cfi=(29)
cfn=(128)
calls=1 199 
* 18
* 2
-3 1
+3 1
cfi=(29)
cfn=(128)
calls=1 199 
* 18
* 2
+3 2
-3 4
+3 5
+1 12
+1 2
-2 1
+2 1
cfi=(29)
cfn=(128)
calls=1 199 
* 15
* 2
-2 2
+5 8
cfi=(29)
cfn=(128)
calls=2 199 
* 30
* 4
+2 5
+5 6
+1 1
-1 3
+1 7
-1 25
+5 11
+4 1
-1 1
+1 2
-4 12
+4 2
-1 2
+1 13
-1 9
+1 18
+1 24
-1 12
-1 12
+2 24
-1 24
-1 24
+4 9
+3 1
+2 2
-1 1
-1 1
+2 1
-2 1
+2 2
-1 1
+1 2
+2 6
+1 2
+3 2
-6 2
+6 3
+7 8
+1 1
-1 2
+3 2
-3 3
+1 3
-1 6
+3 6
+3 4
-80 2
+86 9
-20 1
+1 2
-6 3
259 2
+1 2
+1 4
-1 3
+12 4
-44 2
+34 4
-2 3

fl=(12)
fn=(22) _dl_sort_maps_init
279 2
+1 4
cfi=(10)
cfn=(24)
calls=1 402 
* 20
+2 3
-1 1
+2 2

fn=(246) dfs_traversal.part.0
140 64
+8 8
-2 8
+2 16
+2 20
+3 20
-3 40
+9 16
+15 24
+1 8
+1 48
-17 12

fn=(244)
288 20
+8 2
-8 2
+8 4
+4 16
-79 4
-37 2
+37 2
-36 8
+1 2
-1 2
+1 2
-1 4
+1 6
-1 6
+1 6
-1 12
+36 30
+8 6
-3 2
+2 2
+1 2
-8 2
+5 2
+3 8
+2 18
+2 8
-90 40
cfn=(246)
calls=8 -3 
* 284
+93 16
+18 4
+13 2
+33 2
-26 8
cfi=(29)
cfn=(80)
calls=2 -62 
* 22
* 2

fl=(131)
fn=(420)
95 8
+1 8
+1 4
+6 20
+1 119
+1 82
+2 12
+5 4

fl=(36) ./posix/../sysdeps/unix/syscall-template.S
fn=(102) uname
120 5
+2 1

fl=(25) ./elf/./elf/dl-environ.c
fn=(68) _dl_next_ld_env_entry
28 3
+1 3
+3 47
+13 37
-13 74
+2 78
+1 18
+5 2
-3 2
+3 2
+2 2
+7 1

fl=(15) ./elf/../sysdeps/x86/dl-get-cpu-features.c
fn=(32) _dl_x86_init_cpu_features
37 1
+2 3
+2 1
cfi=(16)
cfn=(34)
calls=1 399 
* 7206

fn=(438) __x86_cpu_features
71 1
-32 3
+32 2

fl=(54)
fn=(174) _dl_name_match_p
68 84
+1 28
cfi=(32)
cfn=(90)
calls=14 +39 
* 500
* 28
+3 14
+2 28
+6 15
-6 30
+1 54
cfi=(32)
cfn=(90)
calls=18 +33 
* 728
* 36
+8 3
-13 3
+13 20
-1 11
+1 33

fn=(224)
36 2
+3 1
-3 6
+3 1
-3 1
+3 1
cfi=(55)
cfn=(178)
calls=1 -11 
* 19
+1 2
+23 7
-21 4
cfi=(58) ./io/../sysdeps/unix/sysv/linux/fstat64.c
cfn=(190) fstat
calls=1 -13 
* 15
* 2
+2 2
+3 2
+13 2
cfi=(64) ./io/../sysdeps/unix/sysv/linux/close_nocancel.c
cfn=(204) __GI___close_nocancel
calls=1 -35 
* 6
* 1
-11 6
cfi=(60)
cfn=(194)
calls=1 -2 
* 9
* 2

fl=(32)
fn=(90)
108 173
+33 173
+1 173
+2 173
+1 173
+21 173
+1 173
+1 141
+1 141
+1 122
+1 122
+1 122
+1 122
+21 122
+1 122
+1 122
+1 122
+1 122
+1 122
+1 122
+5 4
+1 12
+9 4
+1 4
+1 4
+1 4
+1 4
+1 4
+1 4
+1 4
-7 51
+1 51
+1 51
+1 51
+1 51
+1 51
+1 51
+1 51
+1 51
+1 37
+1 37
+1 37
+2 37
+1 37
+1 37
+1 37
+1 37
+1 37
-5 14
+1 14
+1 14
+1 14
+1 14
+1 14
+10 4
+1 4
+1 4
+2 4
+6 4
+1 4
+1 4
+1 4
+1 4
+5 4
+2 3
+1 3
+1 6
+8 3
+1 3
+3 3
+1 3
+1 3
+1 3
+1 3
+1 3
943 1
+1 1
+1 1
+1 1
+1 1
+2 1
+1 1
+1 1
+1 1
+1 1
+1 1
+1 1
+1 1
+4 1
+1 1
+1 1
+6 1
+1 1
+1 2
+4 1
+1 1
+3 1
+1 1
+1 1
+3 1
+1 1
+1 1
+6 1
+1 1
+1 1
+1 1
+1 1
+1 1
+72 5
+1 5
+1 5
+1 5
+1 5
+2 5
+1 5
+1 5
+1 5
+1 5
+1 5
+1 5
+1 1
+4 1
+1 1
+1 1
+6 1
+1 1
+1 2
+4 1
+1 1
+3 1
+1 1
+1 1
+3 1
+1 1
+1 1
+6 1
+1 1
+1 1
+1 1
+1 1
+1 1
+7 1
+1 1
+2 1
+1 1
+2 1
+1 1
+1 1
+3 1
+1 1
+1 1
+6 1
+1 1
+1 1
+1 1
+1 1
+1 1
+41 2
+1 2
+1 2
+1 2
+1 2
+2 2
+1 2
+1 2
+1 2
+1 2
+1 2
+1 2
1318 15
+1 15
+1 15
+1 15
+1 15
+2 15
+1 15
+1 15
+1 15
+1 15
+1 15
+1 15
+1 15
+4 15
+1 15
+1 15
+6 15
+1 15
+1 30
+4 15
+1 15
+3 15
+1 15
+1 15
+3 15
+1 15
+1 15
+6 15
+1 15
+1 15
+1 15
+1 15
+1 15
+72 2
+1 2
+1 2
+1 2
+1 2
+2 2
+1 2
+1 2
+1 2
+1 2
+1 2
+1 2
1693 5
+1 5
+1 5
+1 5
+1 5
+2 5
+1 5
+1 5
+1 5
+1 5
+1 5
+1 5
+1 4
+4 4
+1 4
+1 4
+6 4
+1 4
+1 8
+4 4
+1 4
+3 4
+1 4
+1 4
+3 4
+1 4
+1 4
+6 4
+1 4
+1 4
+1 4
+1 4
+1 4
+72 1
+1 1
+1 1
+1 1
+1 1
+2 1
+1 1
+1 1
+1 1
+1 1
+1 1
+1 1
1943 3
+1 3
+1 3
+1 3
+1 3
+2 3
+1 3
+1 3
+1 3
+1 3
+1 3
+1 3
+1 2
+4 2
+1 2
+1 2
+6 2
+1 2
+1 4
+4 2
+1 2
+3 2
+1 2
+1 2
+3 2
+1 2
+1 2
+6 2
+1 2
+1 2
+1 2
+1 2
+1 2
+72 17
+1 17
+1 17
+1 17
+1 17
+2 17
+1 17
+1 17
+1 17
+1 17
+1 17
+1 17
+2 7
+4 7
+1 7
+1 7
+6 7
+1 7
+2 14
+4 7
+1 7
+3 7
+1 7
+1 7
+3 7
+1 7
+1 7
+6 7
+1 7
+1 7
+1 7
+1 7
+1 7
+74 33
+2 33
+1 33
+1 33
+1 33
-3 22
+1 22
+1 22
+1 22
+1 74
+5 37
+6 37
+1 37
+8 37
+1 37
-16 136
+6 136
+1 136
+8 136
+1 136

fl=(74) ./elf/./elf/dl-version.c
fn=(252) _dl_check_all_versions
361 6
+4 5
-2 2
+4 24
cfn=(254) _dl_check_map_versions
calls=4 155 
* 3424
-2 4
+2 12
-1 4
-1 8
+5 7

fn=(254)
155 32
+15 4
-15 8
+15 8
+2 20
+2 4
+1 4
-1 4
+1 4
+2 8
+3 4
-16 2
-8 2
+28 2
-4 2
+4 4
+16 2
36 4
200 2
36 10
+1 5
-1 10
+2 21
cfi=(54)
cfn=(174)
calls=7 +30 
* 805
* 14
208 6
+5 2
-71 4
+71 6
+8 2
-2 2
-2 4
+4 2
-4 12
+4 4
-2 4
-2 8
+4 4
-4 39
56 24
+8 18
+6 18
+16 6
+1 12
+2 6
+5 54
+14 114
+12 153
+4 51
-30 102
224 24
+3 18
+5 4
-11 4
110 6
+3 24
cfi=(32)
cfn=(90)
calls=6 -5 
* 193
* 26
236 8
+14 4
+3 8
+10 42
-7 168
+3 126
-3 8
+3 6
+8 6
+6 3
fi=(28)
44 3
fe=(74)
273 3
fi=(28)
44 3
cfi=(27)
cfn=(72)
calls=3 +34 
* 108
fe=(74)
272 3
fi=(28)
44 3
fe=(74)
274 6
+13 3
-3 3
+3 12
+2 9
+3 8
+4 6
+7 6
+1 6
-1 18
+1 6
+1 6
-2 6
+2 12
+1 18
+3 18
+5 4
-15 4
+2 4
-2 4
+2 4
-2 4
+2 8
-2 2
+2 2
-2 2
+2 2
-2 2
+2 4
+16 6
+39 36
-29 9
+3 8
+4 42
+6 42
+1 42
+1 42
-1 126
+1 42
-1 42
+1 42
+1 42
+3 126
+4 42
-14 88
+10 6
164 2
+86 2
-94 2
+94 3

fl=(1) ???
fn=(0) 0x00000000000202b0
0 2
cfi=(2)
cfn=(2) _dl_start
calls=1 527 
0 139524
0 14
cfi=(145)
cfn=(476)
calls=1 77 
0 361
0 3
cob=(5) /home/rafaelmg/Documents/ED/ap4/bin/main
cfi=(151) ???
cfn=(510) (below main)
calls=1 0 
0 13377941746

fl=(56) ./io/../sysdeps/unix/sysv/linux/read_nocancel.c
fn=(180) __read_nocancel
25 2
+1 8
+1 2

fl=(58)
fn=(190)
29 6
+1 6
+5 9
cfi=(59)
cfn=(192)
calls=3 153 
* 24

fl=(8) ./elf/./elf/dl-setup_hash.c
fn=(14) _dl_setup_hash
25 4
+3 4
-3 4
+3 8
+3 12
+1 8
+2 4
-1 4
+3 12
+1 4
+4 4
-3 4
+7 4
-4 4
-3 4
+2 8
+5 4
-5 4
-2 4
+7 4
-5 4
+10 4

fl=(31)
fn=(138) expand_dynamic_string_token
385 14
241 2
385 2
241 2
385 2
241 2
cfi=(42)
cfn=(118)
calls=2 23 
* 72
+3 4
410 2
-11 2
+11 12
-11 2
cfi=(45)
cfn=(140)
calls=2 40 
* 168

fn=(172)
2022 30
+8 6
+1 12
+3 42
+5 49
+2 21
cfi=(54)
cfn=(174)
calls=7 68 
* 810
* 14
+4 12
+1 18
+4 2
-1 10
+1 2
+1 2
-1 2
+1 2
cfi=(32)
cfn=(90)
calls=2 108 
* 86
* 4
2329 27
2068 2
+1 2
-1 2
+1 2
-1 2
+1 2
-1 4
-44 2
+53 6
+17 4
-2 2
+2 2
cfi=(42)
cfn=(118)
calls=2 23 
* 48
* 4
2260 2
-1 3
cfn=(138)
calls=1 385 
* 168
+2 1
-3 1
+1 1
+2 2
+4 5
cfn=(176) open_verify.constprop.1
calls=1 1568 
* 283
+3 2
-3 1
+3 1
+12 4
+46 1
+1 3
-1 1
+1 9
cfn=(184) _dl_map_object_from_fd
calls=1 944 
* 1819
-1 1
+1 3
-1 1
+1 9
cfn=(184)
calls=1 944 
* 2200
* 6
2098 2
cfi=(22)
cfn=(60)
calls=1 41 
* 17
* 2
+2 2
+7 4
+51 11
cfn=(216) open_path
calls=1 1870 
* 1656
+6 1
-6 1
+6 4
682 1
2165 1
682 2
2252 2
+28 4
+2 4
2111 1
696 3
2111 1
+1 1
696 2
2116 3
682 1
2117 1
682 2
2173 1
+14 2
+2 3
+4 2
cfi=(68)
cfn=(222)
calls=1 416 
* 1430
* 1
+2 2
+4 2
+8 3
+23 6
cfn=(218) open_verify.constprop.0
calls=1 1568 
* 396
+4 2
-4 1
+4 1
+1 2
2131 5
+1 10
682 1
2133 1
682 2
2157 3
+1 2
-16 2

fn=(134) fillin_rpath.isra.0
468 7
+4 1
-4 8
+6 3
cfi=(7)
cfn=(136)
calls=1 239 
* 240
* 3
cfi=(7)
cfn=(136)
calls=1 239 
* 8
* 6
+7 2
+2 3
cfn=(138)
calls=1 -98 
* 118
* 1
+4 2
+5 2
cfi=(22)
cfn=(60)
calls=1 41 
* 17
* 1
+1 2
+7 5
+9 15
+1 8
+55 2
fi=(28)
50 2
cfi=(27)
cfn=(144)
calls=1 +45 
* 5
+1 1
fe=(31)
528 2
+4 3
fi=(28)
56 1
cfi=(27)
cfn=(76)
calls=1 -21 
* 25
* 1
fe=(31)
534 2
+5 1
+1 2
-1 1
-1 1
+2 1
cfi=(29)
cfn=(128)
calls=1 199 
* 13
+3 1
-3 1
+1 1
+2 1
+6 1
+1 1
-1 3
+1 11
+1 1
-1 1
+1 2
-1 2
+1 1
-1 1
+1 2
-1 6
+1 1
-1 1
+1 1
-1 3
+1 1
-1 2
+3 1
+1 1
-1 1
+1 2
+1 1
+6 2
+1 2
-57 4
+66 1
+3 8
-46 4

fn=(216)
1870 8
+1 1
-1 6
+1 1
+6 2
+5 16
-7 2
+7 1
-8 1
+8 2
+3 2
+9 6
+7 3
+1 1
-1 1
cfi=(29)
cfn=(128)
calls=1 199 
* 13
-12 1
+12 1
+59 5
-58 4
+3 20
+5 80
cfi=(29)
cfn=(128)
calls=10 199 
* 134
* 40
cfi=(29)
cfn=(128)
calls=10 199 
* 130
+3 20
+6 30
+3 60
cfn=(218)
calls=10 1568 
* 540
* 10
+2 30
+2 20
+65 8
+7 2
-2 2
+2 2
+3 3
-13 1
+27 9
1902 58
+29 20
+1 70
+6 20
+2 10
-2 10
+2 20
cfi=(67)
cfn=(220)
calls=10 28 
* 158
* 10
+3 10
-3 20
+1 1
+2 2
-2 1
+2 26
-61 2

fn=(218)
1568 121
+39 33
+19 44
cfi=(55)
cfn=(178)
calls=11 28 
* 239
* 11
+2 22
+11 1
+6 2
-5 1
+5 8
cfi=(56)
cfn=(180)
calls=1 25 
* 6
+2 2
+2 2
+2 2
+6 2
+17 11
fi=(28)
50 2
cfi=(27)
cfn=(144)
calls=1 +45 
* 5
fe=(31)
1856 99
1674 3
+74 2
+5 2
+2 4
+6 2
+6 1
+1 1
-1 3
+1 1
-1 1
+1 2
+21 3
+31 1
-31 1
1633 1
1820 2
-31 48
+1 24
+1 8
+4 8
+6 4
+1 28
+10 12
cfi=(71) ./io/../sysdeps/unix/sysv/linux/pread64_nocancel.c
cfn=(232) __pread64_nocancel
calls=2 25 
* 14
* 16
+8 18
+15 2
+6 1
-3 1
+1 1
+1 1
+1 2
-3 1
+1 1
+1 1
+2 1
-3 3
-1 1
+4 2
-19 18
+3 2
-4 2
+4 4
+5 1
+1 4
-60 13
+1 3
-1 1
+1 3
cfi=(71)
cfn=(232)
calls=1 25 
* 7
* 3
+16 5
1612 20
+62 3
1802 4
-30 2

fn=(176)
1568 11
+39 3
+19 4
cfi=(55)
cfn=(178)
calls=1 28 
* 19
* 1
+2 2
+11 1
+6 2
-5 1
+5 8
cfi=(56)
cfn=(180)
calls=1 25 
* 6
+2 2
+2 2
+2 2
+6 2
+17 11
fi=(28)
50 2
cfi=(27)
cfn=(144)
calls=1 +45 
* 5
fe=(31)
1856 9
1674 3
+74 2
+5 2
+2 4
+6 2
+6 1
+1 1
-1 3
+1 1
-1 1
+1 2
+1 2
+20 3
+31 1
-31 1
1633 1
1820 2
-31 66
+1 28
+1 8
+4 8
+25 12
+3 18
+3 2
-4 2
+4 4
+6 4
-36 6

fn=(184)
944 20
+10 2
-10 8
+10 2
cfi=(46)
cfn=(186)
calls=2 38 
* 14
* 2
+7 8
+85 8
+10 4
+7 14
cfi=(26)
cfn=(70)
calls=2 59 
* 766
* 2
+1 4
+11 4
+5 2
-5 2
+1 4
+1 2
+2 2
-2 2
+2 4
+1 6
+1 2
+19 2
-2 1
+2 12
-2 1
+2 30
+10 8
+85 2
-58 2
-34 2
-1 2
+93 2
+6 2
-64 4
+9 2
+55 4
-55 2
-42 2
+97 4
1101 2
-5 4
+15 60
+20 2
+1 1
-22 69
+1 127
1213 4
1110 2
1213 4
1110 6
1218 6
+10 4
+1 2
-1 2
+1 2
-1 6
+1 6
-1 6
+1 6
-1 18
1076 4
1235 4
+10 8
+7 4
fi=(61) ./elf/./dl-map-segments.h
96 2
fe=(31)
1252 6
fi=(61)
28 2
fe=(31)
1252 2
fi=(61)
96 2
fe=(31)
1252 2
fi=(61)
28 4
+1 16
cfi=(60)
cfn=(194)
calls=2 +18 
* 18
+74 4
-1 2
-73 2
+74 2
+3 4
+1 2
+2 2
-3 2
+1 2
+2 2
+17 2
+2 2
fi=(62) ./elf/./dl-load.h
-37 16
+1 6
+2 16
fi=(61)
+56 32
+8 2
-2 2
+1 2
+2 2
-1 2
+1 2
-1 6
+8 4
+3 4
+8 14
cfi=(44)
cfn=(132)
calls=2 -52 
* 237
+1 4
+5 4
+12 8
-59 40
+2 12
+3 6
-3 12
+2 48
cfi=(60)
cfn=(194)
calls=6 -93 
* 54
* 18
fi=(57) ./elf/../sysdeps/posix/dl-fileid.h
37 6
cfi=(58)
cfn=(190)
calls=2 -8 
* 30
* 4
fe=(31)
999 4
fi=(57)
40 6
fe=(31)
999 2
fi=(57)
40 2
fe=(31)
999 23
+1 10
fi=(57)
49 12
fe=(31)
1515 18
1018 4
+66 13
+1 2
-1 1
+1 1
-1 1
+1 1
cfi=(71)
cfn=(232)
calls=1 25 
* 7
* 2
+26 26
+26 48
+10 8
-1 8
-1 8
+2 8
+2 8
-2 8
-1 48
+2 16
+1 8
+2 8
-3 8
+3 48
+2 16
+4 16
+1 30
+4 6
+1 6
-1 6
+1 42
-18 6
+28 6
-11 2
+1 2
-1 2
+1 14
-18 2
+28 2
-56 4
+7 2
+2 2
-2 2
+1 2
+1 2
-1 4
+1 16
+50 3
+5 1
-1 2
+5 1
-5 2
-56 1
+61 4
+1 1
+3 1
-3 1
+8 4
+15 4
+1 2
+58 8
+1 6
fi=(63) ./elf/./elf/get-dynamic-info.h
39 4
+6 2
-2 2
+2 4
+9 2
+5 2
+3 2
+2 2
-3 2
-3 2
-3 28
+13 8
-23 32
+23 29
-23 116
+4 74
+5 40
+2 10
+3 8
+13 8
+10 7
+1 8
+1 8
+1 8
+2 8
+5 7
+1 7
+1 8
+3 6
+5 2
+7 4
+1 6
+22 6
+5 2
+2 2
+2 2
+2 2
+4 6
+2 3
+1 2
+9 2
+6 2
+4 4
fe=(31)
1275 4
+1 4
+2 4
+10 6
+19 6
+2 10
+52 6
+1 2
+6 16
+1 42
+6 8
cfn=(88) _dl_process_pt_gnu_property
calls=2 868 
* 40
-7 54
+1 25
+6 25
-6 50
fi=(30) ./elf/../sysdeps/x86/dl-prop.h
95 16
213 2
-1 4
105 4
212 2
105 2
-2 2
-3 2
+2 2
+3 2
-4 4
+92 8
-1 2
-87 6
+3 6
+1 4
+1 4
+4 6
+4 6
+3 6
+1 4
+4 2
+1 8
+58 6
+2 8
-56 6
+1 3
+3 6
+3 3
+1 12
+5 6
+2 6
+5 6
+14 3
-1 6
+2 2
-1 4
fe=(31)
1380 4
cfi=(64)
cfn=(204)
calls=2 25 
* 12
* 4
+13 4
+2 8
+2 4
+16 4
cfi=(8)
cfn=(14)
calls=2 25 
* 58
+4 4
+1 4
+17 4
+1 1
+3 1
+5 1
-5 1
+5 1
-5 1
+5 1
-5 1
+5 1
+10 4
+7 12
+10 4
+1 4
+5 2
cfi=(47) ./elf/../elf/dl-tls.c
cfn=(236) _dl_assign_tls_modid
calls=1 131 
* 10
+7 6
cfi=(26)
cfn=(82)
calls=2 31 
* 94
+3 8
+23 14
+1 6
cfi=(49) ./elf/./elf/dl-audit.c
cfn=(206) _dl_audit_objopen
calls=2 76 
* 10
* 2
fi=(62)
95 5
+2 1
-1 2
+1 1
-1 1
+1 1
-1 1
+1 1
-1 2
+3 4
fe=(31)
1506 10
fi=(30)
198 8
+2 2
+1 2
+2 2
-3 6
fe=(31)
1368 6
fi=(63)
62 8
+2 8
fe=(31)
1084 2
fi=(61)
187 8
cfi=(60)
cfn=(194)
calls=1 47 
* 9
+3 2
fe=(31)
1462 6
+2 1
-1 5
+1 1
-1 1
+1 1
-1 1
cfi=(32)
cfn=(90)
calls=1 108 
* 25
* 2
+2 5
1275 2
fi=(57)
49 3
fi=(30)
170 3
-39 2
fe=(31)

fn=(106) _dl_init_paths
706 11
+14 1
-14 2
+14 2
cfi=(38)
cfn=(108)
calls=1 175 
* 1847
fi=(28)
56 1
fe=(31)
720 1
fi=(28)
56 1
cfi=(27)
cfn=(76)
calls=1 -21 
* 25
fe=(31)
725 1
+2 2
+7 2
+1 2
-1 3
+5 3
fi=(28)
56 1
cfi=(27)
cfn=(76)
calls=1 -21 
* 25
fe=(31)
739 1
+2 4
+17 1
-10 1
+19 1
-11 1
-9 1
+9 1
+12 2
-10 1
+3 2
+9 1
-7 1
+4 1
+3 2
-3 1
-8 1
+3 1
+8 1
-3 1
+1 16
cfi=(44)
cfn=(132)
calls=4 125 
* 72
+2 18
-14 3
+10 3
+4 3
-12 3
-2 3
+2 3
+4 3
-3 3
+3 3
+1 3
-2 3
+5 6
+1 3
-4 3
+4 3
+15 1
+3 1
-15 1
+7 1
-1 1
+9 2
+2 4
+2 3
+36 5
+2 2
cfi=(22)
cfn=(60)
calls=1 41 
* 17
* 9
-19 1
-2 1
+2 2
+19 9
cfi=(29)
cfn=(80)
calls=1 212 
* 11
* 1
+5 4
-1 2
+2 1
+1 2
-2 4
+1 13
+1 26
-2 52
+5 1
fi=(28)
56 1
cfi=(27)
cfn=(76)
calls=1 -21 
* 25
fe=(31)
836 1
fi=(28)
56 1
fe=(31)
838 2
+6 6
cfn=(134)
calls=1 468 
* 587
+3 3
+6 1
+4 8
-35 2
+5 2

fn=(88)
868 3
+8 3
-8 3
+8 3
-6 3
+12 6
-13 3
+13 3
-13 3
+13 6
+3 9
+1 6
+1 6
+43 3

fn=(212)
238 4
+3 2
-3 4
+7 2
-7 4
+3 2
cfi=(42)
cfn=(118)
calls=2 23 
* 72
+3 4
+20 14

fl=(72)
fn=(238)
30 20
+4 2
+1 4
+11 2
-1 4
+18 8

fl=(77) ./elf/./elf/dl-reloc.c
fn=(270) _dl_relocate_object
194 8
+14 4
-14 36
+16 4
-16 8
+14 4
+2 8
+3 4
-1 4
+1 8
+19 8
+6 20
-34 6
+38 6
+7 12
fi=(6) ./elf/../sysdeps/x86_64/dl-machine.h
71 10
+6 4
+4 3
+14 1
-8 1
+8 2
+20 2
+4 5
-2 2
fe=(77)
288 160
-83 1
fi=(6)
474 4
fe=(77)
205 2
+83 2
fi=(5) ./elf/./elf/do-rel.h
49 1
fe=(77)
288 1
fi=(5)
60 1
-11 2
+11 2
fe=(77)
288 3
-83 3
fi=(6)
474 12
fe=(77)
205 6
+83 6
fi=(5)
49 3
fe=(77)
288 3
fi=(5)
60 3
-11 6
+11 6
fe=(77)
288 8
fi=(5)
49 4
fe=(77)
288 4
fi=(5)
60 4
-11 8
+11 8
-7 1
-1 1
+11 8
fi=(6)
545 28
+4 28
+3 42
+1 14
fi=(5)
63 42
+2 216
+2 120
-4 120
+13 6
+1 8
+1 80
fi=(6)
545 40
+34 80
+2 40
cob=(3)
cfi=(127)
cfn=(406)
calls=1 31 
* 23
cob=(3)
cfi=(126)
cfn=(404)
calls=1 31 
* 7
cob=(3)
cfi=(125) ./string/../sysdeps/x86_64/multiarch/mempcpy.c
cfn=(400) mempcpy
calls=1 33 
* 22
cob=(3)
cfi=(124)
cfn=(398)
calls=1 29 
* 7
cob=(3)
cfi=(122) ./string/../sysdeps/x86_64/multiarch/memchr.c
cfn=(394) memchr
calls=1 29 
* 23
cob=(3)
cfi=(121) ./string/../sysdeps/x86_64/multiarch/stpcpy.c
cfn=(390) stpcpy
calls=1 33 
* 17
cob=(3)
cfi=(119) ./wcsmbs/../sysdeps/x86_64/multiarch/wmemcmp.c
cfn=(386) wmemcmp
calls=1 29 
* 22
cob=(3)
cfi=(118)
cfn=(382)
calls=1 29 
* 17
cob=(3)
cfi=(117)
cfn=(378)
calls=1 29 
* 21
cob=(3)
cfi=(116) ./string/../sysdeps/x86_64/multiarch/strcasecmp_l.c
cfn=(376) strcasecmp_l
calls=1 31 
* 7
cob=(3)
cfi=(115) ./string/../sysdeps/x86_64/multiarch/strcpy.c
cfn=(372) strcpy
calls=1 29 
* 17
cob=(3)
cfi=(114) ./string/../sysdeps/x86_64/multiarch/strchrnul.c
cfn=(368) strchrnul
calls=1 31 
* 21
cob=(3)
cfi=(113) ./string/../sysdeps/x86_64/multiarch/memrchr.c
cfn=(364) memrchr
calls=1 29 
* 21
cob=(3)
cfi=(111) ./wcsmbs/../sysdeps/x86_64/multiarch/wmemset.c
cfn=(360) wmemset
calls=2 31 
* 38
cob=(3)
cfi=(109) ./string/../sysdeps/x86_64/multiarch/memcmp.c
cfn=(356) bcmp
calls=1 29 
* 22
cob=(3)
cfi=(108) ./string/../sysdeps/x86_64/multiarch/strncase_l.c
cfn=(354) strncasecmp_l
calls=1 31 
* 7
cob=(3)
cfi=(107) ./string/../sysdeps/x86_64/multiarch/strcat.c
cfn=(350) strcat
calls=1 29 
* 17
cob=(3)
cfi=(106)
cfn=(348)
calls=1 43 
* 7
cob=(3)
cfi=(105)
cfn=(346)
calls=1 29 
* 7
cob=(3)
cfi=(104) ./string/../sysdeps/x86_64/multiarch/strcasecmp.c
cfn=(344) strcasecmp
calls=1 31 
* 7
cob=(3)
cfi=(103) ./string/../sysdeps/x86_64/multiarch/strncmp.c
cfn=(342) strncmp
calls=1 66 
* 17
cob=(3)
cfi=(101)
cfn=(338)
calls=2 31 
* 46
cob=(3)
cfi=(99)
cfn=(334)
calls=1 31 
* 17
cob=(3)
cfi=(98)
cfn=(330)
calls=1 30 
* 21
cob=(3)
cfi=(97) ./string/../sysdeps/x86_64/multiarch/memmove.c
cfn=(326) memmove
calls=2 29 
* 44
cob=(3)
cfi=(96) ./string/../sysdeps/x86_64/multiarch/strrchr.c
cfn=(322) rindex
calls=1 28 
* 21
cob=(3)
cfi=(95) ./string/../sysdeps/x86_64/multiarch/strchr.c
cfn=(320) index
calls=1 61 
* 19
cob=(3)
cfi=(93) ./wcsmbs/../sysdeps/x86_64/multiarch/wcschr.c
cfn=(316) wcschr
calls=2 31 
* 42
cob=(3)
cfi=(91) ./string/../sysdeps/x86_64/multiarch/memcpy.c
cfn=(312) memcpy@@GLIBC_2.14
calls=1 29 
* 22
cob=(3)
cfi=(90)
cfn=(308)
calls=1 29 
* 19
cob=(3)
cfi=(88) ./string/../sysdeps/x86_64/multiarch/memset.c
cfn=(304) memset
calls=1 29 
* 24
cob=(3)
cfi=(86)
cfn=(300)
calls=1 29 
* 19
cob=(3)
cfi=(85) ./string/../sysdeps/x86_64/multiarch/strcmp.c
cfn=(298) strcmp
calls=1 65 
* 17
cob=(3)
cfi=(84)
cfn=(296)
calls=1 29 
* 7
cob=(3)
cfi=(82) ./string/../sysdeps/x86_64/multiarch/strnlen.c
cfn=(292) strnlen
calls=2 31 
* 42
-36 40
+37 40
fi=(5)
77 121
fe=(77)
288 32
+3 24
+24 4
+3 8
+17 12
+2 32
-98 8
+3 2
+7 4
-9 2
fi=(5)
86 14
+2 14
+12 7
-14 28
+14 14
+10 10
+3 13
+1 3
fi=(6)
529 3
fi=(5)
114 3
fi=(6)
529 6
fi=(5)
114 1198
fi=(6)
529 1198
fi=(5)
114 1198
fi=(6)
529 2396
+5 2402
+1 1201
fi=(5)
113 1201
fi=(6)
535 1201
-5 1201
fi=(5)
113 2402
+7 28
+4 20
+2 10
-73 3
fi=(6)
484 3
fi=(5)
52 3
fi=(6)
484 6
fi=(5)
128 6
+1 3
+1 3
-2 3
+2 3
+3 3
-5 3
+2 3
-2 3
+1 6
+2 3
-2 3
+2 9
+2 6
-5 212
+1 106
+1 106
-2 106
+2 106
+3 106
-5 106
+2 106
-2 106
+1 212
+2 106
-2 106
+2 318
+2 212
+9 107
fi=(6)
262 214
+21 214
+4 214
+7 428
fi=(4) ./elf/../sysdeps/generic/ldsodefs.h
138 273
fi=(6)
294 3496
cfi=(78)
cfn=(278)
calls=88 840 
* 50599
* 792
+2 273
+30 640
450 270
fi=(5)
145 304
-19 327
+32 15
+1 6
fi=(6)
294 2
+22 2
-22 4
fi=(5)
160 6
+3 2
+4 2
-4 2
+4 4
-2 2
-2 2
+2 2
+1 2
-1 4
fi=(6)
294 8
508 2
-1 4
+1 4
+1 2
cfi=(15)
cfn=(438)
calls=1 71 
* 6
cob=(3)
cfi=(80) ./string/../sysdeps/x86/cacheinfo.c
cfn=(288) __x86_cacheinfo
calls=1 86 
* 28
+1 2
fi=(5)
159 2
fi=(6)
510 2
fi=(5)
159 8
-13 42
fi=(6)
422 51
+4 68
+5 17
+9 17
-9 34
+9 17
fi=(5)
145 66
fi=(6)
296 153
+3 105
-3 105
+3 210
+2 5
+3 2
+1 3
+11 2
+7 1
cob=(3)
cfi=(129)
cfn=(414)
calls=1 38 
* 7
* 3
+3 2
fi=(5)
135 10
+3 2
fi=(6)
296 89
+3 89
-3 194
+3 4
fi=(5)
50 8
fe=(77)
308 14
fi=(6)
-14 29
fe=(77)
+49 20
+3 4
-3 4
+3 4
+4 8
+1 16
cfi=(128)
cfn=(410) mprotect
calls=4 117 
* 24
* 8
-63 6
fi=(5)
53 2
175 7
+2 2
+1 2
-1 1
+3 1
-3 4
+3 2
-3 10
+1 10
-1 5
+3 5
-3 20
+3 10
+8 6
fi=(6)
+74 12
+21 12
+4 12
+7 24
fi=(4)
138 18
fi=(6)
294 204
cfi=(78)
cfn=(278)
calls=6 840 
* 3251
* 54
+2 18
+30 36
450 12
fi=(5)
191 18
-16 18
+30 4
fi=(6)
+91 2
+3 2
-3 2
+3 4
-3 2
+3 2
-3 4
fe=(77)

fl=(45)
fn=(140)
40 15
+1 3
cfi=(22)
cfn=(60)
calls=3 * 
* 87
* 3
fi=(214) ./string/../include/rtld-malloc.h
+15 6
cfi=(27)
cfn=(76)
calls=3 -21 
* 75
fe=(45)
-12 6
+4 3
-1 9
+1 6
-1 3
cfi=(29)
cfn=(80)
calls=3 212 
* 41

fl=(201) ./elf/./elf/dl-fini.c
fn=(746) _dl_fini
31 9
+20 3
-3 7
+3 4
+3 2
cob=(3)
cfi=(197) ./nptl/./nptl/pthread_mutex_lock.c
cfn=(734) pthread_mutex_lock@@GLIBC_2.2.5
calls=1 +23 
* 43
+2 1
+3 2
+2 6
+7 2
-2 1
+2 1
cfi=(49)
cfn=(468) _dl_audit_activity_nsid
calls=1 -28 
* 21
+5 14
+5 1
-5 1
+5 3
+2 8
+2 8
+2 8
+1 4
+1 4
+4 4
-12 12
+14 6
+1 4
+6 5
cfi=(12)
cfn=(244)
calls=1 288 
* 300
+9 2
cob=(3)
cfi=(198) ./nptl/./nptl/pthread_mutex_unlock.c
cfn=(738) pthread_mutex_unlock@@GLIBC_2.2.5
calls=1 367 
* 34
+5 6
+2 1
+2 3
-2 3
+2 9
+3 8
+3 12
+4 2
+11 4
+1 1
+1 2
+1 5
+1 2
cob=(5)
cfi=(151)
cfn=(748) 0x0000000000001280
calls=1 0 
* 92
-1 5
+5 3
+1 6
cob=(2)
cfi=(51)
cfn=(774) 0x000000000483f334
calls=1 0 
* 110
cob=(2)
cfi=(51)
cfn=(770) 0x00000000001097f0
calls=1 0 
* 4
+6 8
cfi=(49)
cfn=(772) _dl_audit_objclose
calls=4 -57 
* 20
+5 4
-45 12
+49 3
cfi=(49)
cfn=(468)
calls=1 40 
* 21
* 2
-38 9
+3 2
+41 6
+6 2
+7 8
73 2

fl=(60)
fn=(194)
47 24
+3 24
+8 48
+2 12

fl=(10)
fn=(24)
402 33
+3 231
+9 33
-9 126
+9 10
+17 165
+2 33
-9 23
+1 23

fn=(54)
157 15
-55 5
+55 5
-55 5
+55 5
-55 35
+9 5
+1 5
fi=(215) ./elf/./dl-tunable-types.h
-22 10
fe=(10)
+22 20
+1 40
fi=(11) ./elf/./elf/dl-tunables.h
+8 10
+1 5
fe=(10)
-6 15
fi=(11)
+15 5
fe=(10)
-12 10
+4 10
+7 10
+1 10
+3 30
+1 5
+1 5
+1 5
+24 5
fi=(11)
-30 15
fe=(10)

fn=(18) __GI___tunables_init
279 9
-9 9
71 200
+6 39
-3 78
+3 3384
+4 78
+5 78
fi=(11)
+54 39
fe=(10)
-54 156
fi=(11)
+55 100
-1 77
+1 22
-1 39
+1 78
fe=(10)
320 156
-18 5460
+6 8580
fi=(11)
140 351
+1 702
-1 11
+1 44
-1 55
fe=(10)
354 8
74 78

fl=(2)
fn=(156) handle_preload_list
894 10
+5 1
-5 2
+5 2
+6 1
-64 1
+54 3
+7 3
cfi=(50)
cfn=(158)
calls=1 25 
* 233
* 1
+1 3
+9 1
191 1
914 2
191 2
916 2
-80 1
+5 5
-10 1
+8 1
-4 1
+1 1
+1 1
+4 1
cob=(2)
cfi=(51)
cfn=(160) 0x0000000004002080
calls=1 0 
* 2784
+1 3
+8 3
+67 1
-18 2
+21 9
-15 4
cfi=(29)
cfn=(80)
calls=1 212 
* 19
+1 2

fn=(170)
663 2
+2 1
-2 1
+2 1
+1 2
-1 2
+1 3
cfi=(31)
cfn=(172)
calls=1 2022 
* 2683
* 1
+2 2

fn=(2)
527 10
85 1
fi=(6)
-40 1
fe=(2)
557 1
-4 1
85 2
556 1
85 1
fi=(3) ./elf/./get-dynamic-info.h
-40 1
fe=(2)
556 1
fi=(3)
45 2
+9 1
+5 1
+3 1
+2 1
+4 1
-7 1
-3 1
-3 14
+13 4
-23 16
+23 14
-23 56
+4 36
+5 20
+2 5
+3 4
fi=(4)
+21 1
fi=(3)
-8 3
+10 4
+1 4
+1 4
+1 4
+2 4
+5 4
+1 4
+1 4
+3 3
+5 2
+7 3
+1 3
+8 2
+1 2
+5 3
+3 3
fe=(2)
573 1
fi=(6)
71 1
fe=(2)
573 42
fi=(6)
414 1
fi=(5)
86 1
fe=(2)
573 2
fi=(5)
49 1
+37 1
-37 1
+37 1
+2 1
-2 1
+2 1
-2 1
+27 2
-27 1
fe=(2)
573 2
fi=(5)
49 1
+37 1
-37 1
+37 1
+2 1
-2 1
+2 1
-2 1
+27 3
+1 2
fi=(6)
534 2
fi=(5)
114 282
fi=(6)
534 282
+1 142
fi=(5)
113 142
fi=(6)
535 284
fi=(5)
113 284
+5 4
+8 7
fi=(6)
326 12
fi=(5)
126 21
+2 7
+2 7
-2 7
fi=(6)
287 7
fi=(5)
130 7
-2 7
+1 14
fi=(6)
287 14
+9 70
+3 14
+27 33
fe=(2)
573 6
fi=(5)
50 1
fi=(4)
+30 2
fi=(6)
326 2
+20 12
+1 6
fe=(2)
575 1
+13 1
cfi=(7)
cfn=(12)
calls=1 42 
* 10
+4 2
85 1
488 2
85 3
488 1
cfi=(8)
cfn=(14)
calls=1 25 
* 29
+2 2
-1 1
+1 2
+17 1
-15 1
-2 1
+17 1
-15 1
+9 1
-11 1
+17 1
cfi=(9) ./elf/../elf/dl-sysdep.c
cfn=(16) _dl_sysdep_start
calls=1 85 
* 137431
* 1
+2 2
+98 9
fi=(3)
62 4
+2 4
fe=(2)
573 3

fn=(64) dl_main
1320 2
205 1
311 1
1320 2
2818 1
1320 3
2829 1
1320 2
2698 1
1320 2
311 1
1320 3
207 1
310 1
205 1
+99 3
1332 1
cfi=(24)
cfn=(66)
calls=1 53 
* 17
2677 3
+6 5
-4 1
+4 1
+2 3
cfi=(25)
cfn=(68)
calls=1 28 
* 41
* 4
cfi=(25)
cfn=(68)
calls=2 28 
* 228
* 9
+4 6
-2 2
+2 6
+1 2
-1 6
+1 17
-1 89
+9 12
2845 4
+32 2
1348 1
+1 2
-1 2
+1 2
2774 3
+1 3
-56 2
+7 2
1627 9
cfi=(26)
cfn=(70)
calls=1 59 
* 230
* 1
+2 2
+1 1
+6 2
-6 1
+1 2
+1 3
+4 1
cfi=(26)
cfn=(82)
calls=1 31 
* 36
+1 2
1140 1
1326 1
1169 1
-29 1
+11 1
+18 2
-21 1
+21 1
-19 1
-4 1
+23 1
-21 1
+21 2
+57 1
-83 1
+23 1
+4 1
+19 1
+22 1
+15 5
-56 116
1275 4
+2 1
1169 18
fi=(30)
105 2
fe=(2)
1282 22
+6 4
cfi=(31)
cfn=(88)
calls=1 868 
* 20
-7 26
+1 13
+6 13
-6 26
fi=(30)
212 4
+1 2
95 8
+10 2
212 1
105 1
-2 1
-3 1
+2 1
+3 1
-4 2
+92 4
-1 1
-87 3
+3 3
+1 2
+1 2
+4 3
+4 3
+3 3
+1 2
+4 1
+1 4
+58 3
+2 4
-56 4
+1 2
+3 4
+3 2
+1 8
+5 4
+2 4
+5 4
+14 2
-1 4
+2 2
fe=(2)
1174 1
-5 1
+5 2
-5 2
+30 1
-9 1
+27 1
-27 1
+2 1
-3 1
+10 2
-20 2
-10 1
+10 1
+1 9
-11 2
+57 4
-1 4
+1 8
-1 4
+2 8
+1 1
+2 12
+1 14
+4 8
+1 8
+1 4
+1 10
+1 1
+4 1
-74 1
+74 2
-74 2
+74 3
-74 3
+74 6
-74 6
fi=(30)
165 2
fe=(2)
1271 1
1169 1
1271 1
1169 2
1294 1
+3 2
+2 1
-5 2
+3 2
+2 2
+2 2
1662 3
+2 1
-1 1
+1 2
+1 2
-2 1
+2 1
-2 2
cfi=(32)
cfn=(90)
calls=1 108 
* 34
* 2
+7 1
+3 1
-5 1
+3 1
+2 1
+1 2
+4 2
+2 2
fi=(3)
39 3
+6 1
-2 1
+2 2
+9 1
+5 1
+3 1
+2 1
-3 1
-3 1
-3 17
+13 5
-23 20
+23 21
-23 84
+4 52
+5 24
+2 5
+16 3
+25 3
+5 2
+7 2
+1 3
+22 3
+5 2
+2 2
+2 2
+2 2
+1 1
+3 3
+2 3
+1 2
+9 2
+6 2
+1 2
+3 2
fe=(2)
1688 3
+7 2
cfi=(8)
cfn=(14)
calls=1 25 
* 29
+3 2
fi=(33) ./elf/./setup-vdso.h
24 2
fi=(35) ./elf/../sysdeps/unix/sysv/linux/dl-vdso-setup.h
+21 1
fe=(2)
1723 1
cfi=(13) ./elf/../sysdeps/unix/sysv/linux/dl-sysdep.c
cfn=(100) _dl_discover_osversion
calls=1 46 
* 100
* 8
fi=(37) ./elf/./dl-main.h
109 5
cfi=(31)
cfn=(106)
calls=1 706 
* 2926
fe=(2)
1731 3
cfi=(46)
cfn=(146)
calls=1 56 
* 30
+7 1
-7 1
+2 1
+5 1
+4 1
+3 1
-3 3
+1 2
+3 1
+5 1
-7 1
+7 1
+1 3
+12 2
+1 2
+5 1
-3 2
+2 1
+1 2
+5 3
+1 5
-1 2
233 1
-1 1
+1 3
+1 2
-2 1
+2 2
1793 2
+5 1
-1 1
+1 1
+24 1
cfi=(47)
cfn=(148) _dl_count_modids
calls=1 197 
* 6
* 1
fi=(48) ./elf/../sysdeps/generic/dl-debug.h
29 3
+1 2
fe=(2)
1828 2
+1 1
cfi=(46)
cfn=(152)
calls=1 116 
* 2
+1 1
+4 3
cfi=(49)
cfn=(154) _dl_audit_activity_map
calls=1 28 
* 16
+5 3
+2 1
+2 2
+9 2
+16 4
cfi=(65)
cfn=(208)
calls=1 25 
* 9
* 2
+76 4
+16 3
85 1
1970 1
85 2
1970 2
85 1
1970 5
cfi=(66)
cfn=(210)
calls=1 159 
* 8351
92 1
1976 1
92 2
+9 2
1976 2
+1 5
-1 4
+1 6
-1 12
+4 4
+1 3
+1 1
+2 2
+1 4
-1 9
+1 9
+12 3
+1 2
+2 1
+2 3
+2 1
-4 1
+5 1
-1 2
+14 2
+1 2
+1 3
+11 2
+2 1
-2 1
+2 2
-2 1
+1 2
+1 1
-1 2
+1 1
cfi=(52)
cfn=(248)
calls=1 238 
* 3524
+10 2
+1 2
+3 2
862 1
fi=(216) ./elf/../sysdeps/unix/sysv/linux/dl-osinfo.h
64 2
fe=(2)
864 1
+6 1
+3 1
+7 1
-5 1
2052 3
2282 3
1778 2
+6 1
-6 2
+6 1
+2 3
fi=(30)
198 4
+2 1
+1 1
+2 1
-3 3
+3 1
fi=(3)
59 4
+3 4
+2 4
fi=(34) ./elf/../sysdeps/unix/sysv/linux/dl-vdso.h
-24 1
+1 2
fe=(2)
2331 1
1325 1
2342 1
-4 2
+10 1
-6 1
+6 1
+3 2
+8 1
fi=(30)
36 1
fe=(2)
2359 1
fi=(30)
37 3
+3 1
+13 6
-13 3
+9 6
-9 1
+9 20
+4 15
-16 12
+34 3
cfi=(76) ./elf/../sysdeps/x86/dl-cet.c
cfn=(268) _dl_cet_check
calls=1 252 
* 30
fe=(2)
2361 2
+54 3
+3 1
85 4
2422 1
+1 19
+2 8
+5 8
+2 8
+6 4
+2 12
+1 24
cfi=(77)
cfn=(270)
calls=3 194 
* 78911
+4 10
+1 2
-23 1
+23 1
cfi=(47)
cfn=(412) _dl_add_to_slotinfo
calls=1 1015 
* 28
-23 6
92 3
+1 1
2454 1
93 1
2454 1
+5 4
+2 1
+7 3
cfi=(47)
cfn=(416) _dl_allocate_tls_init
calls=1 528 
* 146
+3 2
fi=(3)
72 2
+10 3
+1 4
+1 4
+1 4
+2 4
+5 4
+1 4
+1 5
fi=(35)
-64 3
+3 1
+3 1
+3 1
fi=(34)
+16 2
fe=(2)
2434 1
+1 1
-3 2
+49 3
+2 4
+10 1
cfi=(130)
cfn=(418)
calls=1 561 
* 571
+5 2
cfi=(7)
cfn=(426)
calls=1 76 
* 2372
+3 1
cfi=(134) ./elf/../sysdeps/nptl/dl-mutex.c
cfn=(434) __rtld_mutex_init
calls=1 30 
* 415
85 1
2507 1
+1 3
85 3
2508 2
cfi=(77)
cfn=(270)
calls=1 194 
* 4806
92 3
+9 2
2516 3
cfi=(136) ./elf/./elf/dl-call-libc-early-init.c
cfn=(440) _dl_call_libc_early_init
calls=1 27 
* 1309
+7 1
cfi=(9)
cfn=(466) _dl_sysdep_start_cleanup
calls=1 262 
* 2
+4 3
cfi=(49)
cfn=(468)
calls=1 40 
* 21
+5 2
cfi=(46)
cfn=(186)
calls=1 38 
* 7
+1 1
-1 1
+2 1
cfi=(46)
cfn=(152)
calls=1 116 
* 2
+1 1
+4 1
cfi=(68)
cfn=(470)
calls=1 537 
* 18
+5 8
1741 4
1995 2
+50 2
cfn=(256) init_tls
calls=1 756 
* 784
* 2
2726 4
+2 2
+1 1
+46 2
+2 1
+1 1
-1 1
+1 1
+1 1
85 1
1847 1
85 2
1847 1
85 1
1847 2
cfn=(156)
calls=1 894 
* 3107
* 1
92 3
+9 3
1948 16
+1 1
-1 1
+4 3
+1 1
+1 2
+1 2
-7 2
fi=(30)
170 3
-39 2
fe=(2)

fn=(256)
756 3
+2 1
+4 1
-4 1
+4 2
+11 1
fi=(28)
44 1
fe=(2)
768 1
+4 1
fi=(28)
44 1
cfi=(27)
cfn=(72)
calls=1 +34 
* 36
fe=(2)
783 1
-12 1
+6 1
-9 1
+11 1
+4 1
+2 3
-1 2
+3 8
+4 1
+2 1
-2 2
-5 1
-1 2
+10 3
+3 2
cfi=(47)
cfn=(258) _dl_tls_static_surplus_init
calls=1 97 
* 79
+3 1
cfi=(47)
cfn=(260) _dl_determine_tlsoffset
calls=1 221 
* 76
+7 1
cfi=(47)
cfn=(262) _dl_allocate_tls_storage
calls=1 422 
* 442
* 1
+1 2
+6 1
+3 2
-3 1
+3 6
+3 1
cfi=(24)
cfn=(264)
calls=1 68 
* 75
+1 1
+3 5
-39 3
-1 7

fn=(250)
696 3
+2 4
cfi=(74)
cfn=(252)
calls=1 361 
* 3496
* 2
+4 2

fl=(29)
fn=(80)
212 16
+1 16
+6 16
+1 16
+2 10
+1 10
+1 10
+2 7
+1 7
+1 7
+2 7
360 6
+1 6
+2 1
+4 1
+1 1
+1 1
+1 1
+1 1
+4 1
+2 1
+39 5
+1 5
+1 5
+1 5
+1 5
+7 3
+1 3
+1 3
+1 3
+1 3
+1 3
+1 3
+11 3
+1 3
+2 3
+1 3
+1 3

fn=(128)
199 32
+1 32
+1 32
+1 32
+17 32
+1 32
+2 6
+1 6
+1 6
+2 5
+1 5
+1 5
+2 5
360 26
+1 26
+2 8
+4 8
+1 3
+1 3
+1 2
+1 2
+1 2
+1 2
+2 2
+2 3
+6 5
+1 5
+1 5
+1 5
+1 5
+29 18
+1 18
+1 18
+1 18
+1 18
+7 1
+1 1
+1 1
+1 1
+1 1
+1 1
+1 1
+11 1
+1 1
+2 1
+1 1
+1 1

fl=(49)
fn=(588) _dl_audit_preinit
117 1
+1 4

fn=(206)
76 2
+1 8

fn=(468)
40 6
+4 3
-4 3
+4 3
-4 3
+4 3
-4 6
+4 3
+1 3
+1 12
+4 18

fn=(154)
28 6
+2 1
-1 1
+1 2
+6 6

fn=(772)
96 4
+1 16

fl=(64)
fn=(204)
25 3
+1 12
+1 3

fl=(143) ./elf/./elf/dl-runtime.c
fn=(460) _dl_fixup
46 24
+2 15
+1 3
+6 3
fi=(217) ./elf/../sysdeps/x86_64/dl-runtime.h
-27 3
fe=(143)
+21 3
+5 3
+1 3
-6 3
+6 6
+1 3
+2 3
-2 3
+2 3
-2 15
+7 6
+4 6
+4 9
+4 9
+1 12
-7 12
+16 3
-1 3
+1 6
+10 30
cfi=(78)
cfn=(278)
calls=3 840 
* 1848
* 3
+4 15
+10 30
+15 12
+9 9
+26 9
fi=(6)
+70 3
fe=(143)
-66 18

fl=(128)
fn=(410)
117 20
+5 4

fn=(472)
117 5
+5 1

fl=(136)
fn=(440)
27 1
+2 2
-2 1
+6 3
-6 1
+6 3
-6 1
+6 1
cfi=(135)
cfn=(436)
calls=1 +41 
* 177
+4 2
+2 4
+2 1
-1 1
+1 2
-1 1
cob=(3)
cfi=(137) ./elf/./elf/libc_early_init.c
cfn=(442) __libc_early_init
calls=1 -7 
* 1108

fl=(13)
fn=(100)
46 5
+2 3
+40 2
cfi=(36)
cfn=(102)
calls=1 +32 
* 6
+15 1
-15 2
+20 1
-1 1
+3 12
+4 3
-2 6
+2 11
+3 2
-1 2
+1 6
-3 8
+7 3
-1 3
+4 3
-2 3
+2 12
+9 5

fl=(142) ./elf/../sysdeps/x86_64/dl-trampoline.h
fn=(458) _dl_runtime_resolve_xsave
67 3
+5 3
+3 3
+2 3
+10 3
+6 3
+1 3
+1 3
+1 3
+1 3
+1 3
+1 3
+4 3
+1 3
+3 3
+1 3
+2 3
+1 3
+1 3
+1 3
+1 3
+1 3
+2 3
+7 3
+1 3
+1 3
cfi=(143)
cfn=(460)
calls=3 -80 
* 2136
+1 3
+5 3
+1 3
+1 3
+2 3
+1 3
+1 3
+1 3
+1 3
+1 3
+1 3
+2 3
+2 3
+4 3
+2 3

fl=(43)
fn=(124)
22 1
+5 1
+1 1
+1 1
+1 1
+1 1
+1 1
+1 1
+1 1
+3 1
+1 1
+1 1
+1 1
+1 1
+1 1
+1 1
+1 1
+1 1
+2 1
+1 1
+17 1
+1 1
+17 1
+1 1
+1 1
+1 1
+1 1
+4 1
+47 1
+1 1
+1 1
+1 1
+1 1
+1 1
+1 1
+1 1
+1 1
+1 1
+1 1
+1 1
+1 1

fl=(53)
fn=(168)
30 3
+2 3
+9 3
+1 6
+1 3
+4 3
+1 3
+1 3
+1 3
+1 3
+2 6
+2 3
+1 3
+1 3
+2 6
+2 3
+8 3
+3 3
+1 3
+7 3
+1 3

fl=(71)
fn=(232)
25 8
+1 16
+1 4

fl=(47)
fn=(258)
97 2
+4 1
-4 2
+4 1
-4 2
+4 3
cfi=(10)
cfn=(24)
calls=1 402 
* 21
* 1
+1 4
cfi=(10)
cfn=(24)
calls=1 402 
* 21
* 1
+8 1
-8 1
+6 2
+2 3
+3 1
+2 1
-32 3
+34 3
+1 5

fn=(416)
528 10
+1 2
+4 1
+6 1
-6 1
+6 1
cfi=(24)
cfn=(84)
calls=1 42 
* 3
+3 3
+12 1
-18 1
-1 1
+43 3
-19 13
+9 3
+1 2
+6 3
+1 1
+2 2
-2 1
+6 1
-4 2
+4 1
-4 2
+3 2
+4 2
+1 4
+2 2
+1 2
+17 1
-8 1
+8 1
+2 3
cfi=(29)
cfn=(128)
calls=1 199 
* 13
* 5
cfi=(44)
cfn=(132)
calls=1 125 
* 25
-49 1
+55 1
-55 4
+6 4
+55 2
cfi=(24)
cfn=(84)
calls=1 42 
* 3
+3 2
+3 9

fn=(412)
1015 8
+6 1
+3 1
+1 1
+4 3
+34 2
+3 3
+1 3
+3 6

fn=(236)
131 2
+3 1
+13 1
-13 1
+52 1
+2 1
+3 1
+1 2

fn=(148)
197 1
+2 2
+1 1
+15 2

fn=(262)
422 2
+13 1
-13 2
+2 1
+12 1
fi=(28)
56 1
cfi=(27)
cfn=(76)
calls=1 -21 
* 53
fe=(47)
437 3
+8 2
fi=(28)
44 1
fe=(47)
445 2
+1 1
+4 321
+19 1
-99 1
+4 1
+1 1
fi=(28)
44 1
cfi=(27)
cfn=(72)
calls=1 +34 
* 36
fe=(47)
376 2
+3 1
+6 2
+90 5

fn=(260)
221 8
+6 3
+3 2
+36 3
+2 1
-2 1
-2 1
-40 1
-1 1
-1 1
+46 2
+23 3
+3 1
-3 4
+2 2
-2 1
-25 1
+20 1
-20 5
+2 2
+3 1
-1 1
+5 2
-5 1
+1 1
-1 1
+3 2
+2 3
+32 3
-1 1
+1 4
+2 2
-2 2
+53 8

fl=(134)
fn=(434)
30 2
+10 3
-10 1
+10 2
-10 1
+7 1
+3 2
cfi=(135)
cfn=(436)
calls=1 +34 
* 175
+4 2
+1 8
+2 3
-2 1
+2 3
cfi=(135)
cfn=(436)
calls=1 +27 
* 198
+4 2
+1 6
+1 2
-1 1
+1 2

fl=(76)
fn=(268)
252 8
42 1
+9 1
-10 1
+4 1
-4 1
+3 1
+4 2
+1 2
-1 2
+14 2
254 8

fl=(9)
fn=(466)
262 1
+1 1

fn=(16)
85 4
+25 1
-25 6
+25 1
-1 1
+1 126
+11 1
-8 1
+1 1
-4 1
+3 1
+6 1
+2 13
-34 1
-1 1
+36 113
+3 1
+1 1
-5 85
+57 1
-57 1
+58 1
-1 1
-57 3
+29 1
-29 1
+30 1
-1 1
-29 3
+41 1
-41 1
+42 1
-1 1
-41 3
+35 1
-35 1
+36 1
-1 1
-35 3
+32 1
-32 1
+33 1
-1 1
-32 4
+13 1
-13 1
+14 1
-1 1
-13 3
+10 1
-10 1
+11 1
-1 1
-10 3
+7 1
-7 4
224 1
cfi=(10)
cfn=(18)
calls=1 +55 
* 19831
+3 1
cfi=(12)
cfn=(22)
calls=1 +52 
* 32
fi=(13)
36 2
cfi=(14)
cfn=(28)
calls=1 -1 
* 8
fi=(6)
215 1
cfi=(15)
cfn=(32)
calls=1 37 
* 7211
fe=(9)
+23 3
+1 1
cfi=(22)
cfn=(60)
calls=1 41 
* 17
* 1
+2 2
cfi=(23)
cfn=(62)
calls=1 37 
* 15
* 3
+12 3
+3 5
cfi=(2)
cfn=(64)
calls=1 1320 
* 109870
+2 9

fl=(41)
fn=(116)
51 55
-25 42
+4 24
+4 48
+1 12
-1 24
+2 24
+5 27
cfi=(42)
cfn=(118)
calls=9 -18 
* 216
+1 18
+3 6
+11 12
+1 12
+1 6
-1 6
+1 6
-2 6
+1 6
+1 3
-1 3
+1 27
cfn=(120) _dl_hwcaps_contains
calls=6 +8 
* 30
* 12
-3 5
+7 44
-19 6
cfi=(22)
cfn=(60)
calls=3 -2 
* 51
* 3

fn=(122)
25 4
+1 3
+21 1
-20 1
+20 3

fn=(120)
66 6
+1 12
+1 6
+9 6

fl=(78)
fn=(282) check_match
70 97
+3 97
-3 1164
+3 384
+13 95
-13 95
+13 95
-13 95
+13 285
+3 314
cfi=(32)
cfn=(90)
calls=31 +19 
* 1567
* 62
+4 95
+1 190
+2 186
+19 186
+1 744
-38 95
+84 570
-18 4
+2 4
+1 2
-1 4
+1 6
-1 4
+16 12
-45 279
cfi=(32)
cfn=(90)
calls=93 -9 
* 2875
* 186
-44 8
+82 4

fn=(280) do_lookup_x
363 808
+1 101
-1 505
+48 101
-30 202
-11 101
+41 101
-30 303
+30 101
fi=(79) ./elf/../sysdeps/generic/dl-protected.h
44 303
fe=(78)
381 101
fi=(79)
44 404
fe=(78)
395 957
+4 319
+4 319
-3 319
+3 1276
+1 957
+3 319
+1 638
+7 319
-3 638
-2 319
+5 1276
+3 2233
570 672
374 638
+3 638
+4 638
+4 638
+4 638
+88 190
fi=(4)
137 190
+1 285
fe=(78)
528 190
fi=(79)
29 190
fe=(78)
535 732
+16 190
+1 95
+1 190
422 404
-1 202
+2 202
+2 1212
+13 417
-10 1170
+3 97
-1 194
+1 97
-1 97
+2 194
-1 1164
cfn=(282)
calls=97 70 
* 9804
+4 291
+3 4
573 6
+1 808
-35 21
-70 12
171 42
452 760

fn=(278)
840 1010
+10 101
-10 202
+10 101
-10 101
+10 101
204 101
840 101
204 505
581 404
-1 202
+2 101
-1 101
+1 303
-1 303
+1 1279
-1 1279
+1 3837
-1 3837
+2 101
846 101
-4 101
+1 101
+7 101
-8 101
+1 101
+7 380
+3 101
+2 202
-2 101
+6 202
-7 606
+7 30
+1 1414
cfn=(280)
calls=101 363 
* 36332
* 303
+28 101
-23 101
+23 101
-23 202
+24 554
+7 95
-7 95
+40 380
+79 190
-65 285
+3 285
-62 101
+69 909
-86 36
+18 18
+59 2

ob=(5)
fl=(151)
fn=(630) insertItem
0 450135000
cfn=(632) createItem
calls=50015000 0 
0 3052355318
0 200060000
cfn=(634) isQueueEmpty
calls=50015000 0 
0 550165000
0 1050315000

fn=(578) 0x00000000000012c0
0 12

fn=(600) createStack
0 6
cob=(2)
cfi=(51)
cfn=(602) 0x0000000000109150
calls=1 0 
0 183
0 3
cfn=(608) createQueue
calls=1 0 
0 207
0 5

fn=(632)
0 350105000
cob=(2)
cfi=(51)
cfn=(602)
calls=50015000 0 
0 2252115318
0 450135000

fn=(748)
0 9
cob=(2)
cfi=(51)
cfn=(754) 0x00000000001090d0
calls=1 0 
0 74
0 1
cfn=(764) 0x0000000000001210
calls=1 0 
0 5
0 3

fn=(522) __gmon_start__
0 9
cob=(2)
cfi=(51)
cfn=(524) 0x0000000000109130
calls=1 0 
0 13282
0 3
cfn=(572) atexit
calls=1 0 
0 81

fn=(642) isStackEmpty
0 120012

fn=(710) destroyQueue
0 9
cfn=(634)
calls=1 0 
0 11
0 5
cob=(2)
cfi=(51)
cfn=(646) 0x00000000001090e0
calls=1 0 
0 112
0 3

fn=(598) main
0 6
cfn=(600)
calls=1 0 
0 404
0 3
cob=(2)
cfi=(51)
cfn=(610) 0x0000000000109140
calls=1 0 
0 8
0 2
cob=(2)
cfi=(51)
cfn=(614) 0x0000000000109120
calls=1 0 
0 6848
0 10002
cob=(2)
cfi=(51)
cfn=(620) 0x0000000000109170
calls=10000 0 
0 598712
0 190000
cfn=(628) stackf
calls=10000 0 
0 2650318
0 30005
cfn=(640) printStack
calls=1 0 
0 15805216
0 30002
cfn=(704) unstack
calls=10000 0 
0 13350724846
0 50000
cob=(2)
cfi=(51)
cfn=(654) 0x0000000000109110
calls=10000 0 
0 7795449
0 30005
cfn=(708) destroyStack
calls=1 0 
0 267
0 3

fn=(608)
0 6
cob=(2)
cfi=(51)
cfn=(602)
calls=1 0 
0 189
0 12

fn=(704)
0 80000
cfn=(642)
calls=10000 0 
0 120000
0 200050000
cfn=(644) removeItem
calls=49995000 0 
0 7349474830
0 349965000
cfn=(630)
calls=49995000 0 
0 5299470000
0 150045000
cfn=(644)
calls=10000 0 
0 1470016
0 50000

fn=(628)
0 120000
cfn=(630)
calls=10000 0 
0 2500318
0 30000

fn=(634)
0 1100330011

fn=(640)
0 8
cfn=(642)
calls=1 0 
0 12
0 40000
cfn=(644)
calls=9999 0 
0 1469853
0 69993
cfn=(630)
calls=9999 0 
0 1059894
0 69993
cob=(2)
cfi=(51)
cfn=(654)
calls=9999 0 
0 13023884
0 70003
cfn=(644)
calls=1 0 
0 147
0 7
cfn=(630)
calls=1 0 
0 106
0 7
cob=(2)
cfi=(51)
cfn=(654)
calls=1 0 
0 1305
0 4

fn=(644)
0 400120000
cfn=(634)
calls=50015000 0 
0 550165000
0 600180004
cob=(2)
cfi=(51)
cfn=(646)
calls=1 0 
0 112
0 800239991
cob=(2)
cfi=(51)
cfn=(646)
calls=50014999 0 
0 4551574739
0 450135000

fn=(708)
0 9
cfn=(710)
calls=1 0 
0 140
0 3
cob=(2)
cfi=(51)
cfn=(646)
calls=1 0 
0 112
0 3

fn=(764)
0 5

fn=(572)
0 4
cob=(2)
cfi=(51)
cfn=(574) 0x0000000000109160
calls=1 0 
0 77

fn=(510)
0 12
cob=(3)
cfi=(152) ./csu/../csu/libc-start.c
cfn=(512) __libc_start_main@@GLIBC_2.34
calls=1 242 
0 13377941734

ob=(4) /usr/libexec/valgrind/vgpreload_core-amd64-linux.so
fl=(146) ???
fn=(484) 0x0000000000001170
0 12

fn=(776) 0x00000000000010e0
0 11
cob=(2)
cfi=(51)
cfn=(782) 0x000000000483f040
calls=1 0 
0 74
0 10
cfn=(788) 0x0000000000001070
calls=1 0 
0 5
0 5

fn=(788)
0 5

fn=(492) 0x00000000000012f0
0 5

ob=(3)
fl=(178)
fn=(658)
1259 80000
cfi=(180)
cfn=(664)
calls=20000 24 
* 200000
+1 260000
-1 40000
1609 40000
cfi=(180)
cfn=(702)
calls=20000 39 
* 160000
+2 20000
-95 390000
cfi=(186) ./stdio-common/./stdio-common/_itoa.c
cfn=(688) _itoa_word
calls=30000 163 
* 1184460
* 917274
192 60000
+47 30000
fi=(211)
942 90000
+1 60000
fe=(178)
239 120000
cfi=(181)
cfn=(666)
calls=30000 1197 
* 2327430
* 60000
127 390000
1517 60000
-54 30000
+53 60000
+73 30000
fi=(210)
111 30000
fe=(178)
1583 30000
fi=(210)
111 60000
cob=(2)
cfi=(51)
cfn=(660)
calls=30000 0 
* 630000
fe=(178)
239 30000
fi=(211)
942 30000
fe=(178)
1593 30000
fi=(210)
111 30000
fi=(211)
942 30000
fe=(178)
1593 30000
fi=(211)
942 30000
+1 60000
fe=(178)
239 120000
cfi=(181)
cfn=(666)
calls=30000 1197 
* 5462894
* 60000
127 390000
1593 60000
+2 80000
-79 585153
192 60000
1392 60000
1516 612726

fl=(119)
fn=(386)
29 1
fi=(120) ./wcsmbs/../sysdeps/x86_64/multiarch/ifunc-memcmp.h
+5 2
+1 1
-1 2
+1 2
+1 2
+1 3
+2 2
+4 3
+3 3
fe=(119)
-17 1

fl=(196)
fn=(732)
33 10
+6 5
cfi=(197)
cfn=(734)
calls=1 +38 
* 43
+5 1
+3 1
-3 1
+4 4
+14 6
+12 2
-10 2
+1 1
+5 1
-6 1
+3 1
-2 2
+2 1
+1 3
+1 1
-1 2
+3 1
-3 1
+3 1
-3 1
+4 2
+2 5
cfi=(154)
cfn=(736)
calls=1 -20 
* 9
* 1
+1 2
+6 3
cfi=(198)
cfn=(738)
calls=1 367 
* 34
+3 12
-39 2

fl=(93)
fn=(316)
31 2
fi=(94)
+2 10
-1 4
+2 6
+2 4
+4 6
+3 8
fe=(93)
-12 2

fl=(157) ./stdlib/../sysdeps/unix/sysv/linux/getrandom.c
fn=(538) getrandom
28 1
+1 7
+1 1

fl=(88)
fn=(304)
29 1
fi=(89) ./string/../sysdeps/x86_64/multiarch/ifunc-memset.h
+21 5
+3 3
+7 2
+9 2
+2 2
+10 2
+8 2
+2 5
fe=(88)

fl=(96)
fn=(322)
28 1
fi=(83)
+5 5
-1 2
+2 3
+2 2
+4 3
+3 4
fe=(96)
-15 1

fl=(148) ./misc/./misc/init-misc.c
fn=(500) __init_misc
30 1
+1 2
-1 4
+1 3
+2 3
cob=(2)
cfi=(51)
cfn=(502) 0x00000000048765f0
calls=1 -33 
* 36
+4 5
+1 3
+2 4

fl=(192)
fn=(722)
34 8
+4 8
+3 2
+50 9
-26 1
cob=(2)
cfi=(51)
cfn=(724) 0x0000000004876490
calls=1 -65 
* 16
+10 1
-8 1
+6 1
-8 1
+7 1
+3 158
+9 78

fl=(197)
fn=(734)
77 2
+3 6
+2 2
+2 4
-7 4
+11 4
+79 2
+3 2
+2 2
+3 2
+2 2
+1 6
-81 4
+11 8
+4 2
+3 4
-71 2
+1 16
+1 2
+84 6
+1 4

fl=(109)
fn=(356)
29 1
fi=(110) ./string/../sysdeps/x86_64/multiarch/ifunc-memcmp.h
+5 2
+1 1
-1 2
+1 2
+1 2
+1 3
+2 2
+4 3
+3 3
fe=(109)
-17 1

fl=(187) ./string/../sysdeps/x86_64/multiarch/memmove-vec-unaligned-erms.S
fn=(692) __mempcpy_avx_unaligned_erms
294 69999
+1 69999
+1 69999
+1 69999
+17 69999
+1 69999
+42 69999
+1 69999
+2 69999
+1 69999
+2 69999
+4 69999
+1 51000
+1 51000
+1 51000
+1 51000
+1 10990
+1 10990
+2 10990
+2 10990
-2 40010
+2 40010
+6 18999
+1 18999
+1 18999
+1 18999
+1 18999

fl=(121)
fn=(390)
33 1
fi=(100)
+3 2
+1 1
-1 2
+1 2
+2 2
+4 3
+3 3
fe=(121)
-13 1

fl=(147)
fn=(498)
46 4
+5 2
+4 5
+8 1
-2 1
+10 1
-9 1
+1 1
+9 2
-1 1
cfi=(148)
cfn=(500)
calls=1 -41 
* 61

fl=(95)
fn=(320)
61 1
-20 2
+1 1
-1 2
-1 2
+2 2
+2 2
+4 3
+3 3
+10 1

fl=(115)
fn=(372)
29 1
fi=(100)
+7 2
+1 1
-1 2
+1 2
+2 2
+4 3
+3 3
fe=(115)
-17 1

fl=(137)
fn=(442)
33 7
+2 1
cfi=(138)
cfn=(444)
calls=1 -6 
* 17
+3 1
fi=(140) ./elf/../sysdeps/nptl/pthread_early_init.h
-5 2
fe=(137)
+8 1
-3 1
fi=(140)
-5 1
cfi=(139) ./resource/../sysdeps/unix/sysv/linux/getrlimit64.c
cfn=(446) getrlimit
calls=1 +5 
* 10
* 3
+1 6
+11 1
fi=(218) ./elf/../nptl/nptl-stack.h
+13 3
fi=(140)
-13 1
fi=(218)
+13 2
fi=(140)
-4 1
fi=(218)
+4 2
fi=(140)
-6 1
fi=(218)
+6 1
fi=(140)
-12 1
+6 6
+1 1
+4 1
cfi=(141) ./nptl/./nptl/pthread_mutex_conf.c
cfn=(450) __pthread_tunables_init
calls=1 -7 
* 884
fe=(137)
-10 3
+2 2
-2 1
cfi=(144) ./nptl/../sysdeps/unix/sysv/linux/x86/elision-conf.c
cfn=(464) __lll_elision_init
calls=1 +49 
* 147

fl=(175) ./gmon/../sysdeps/unix/sysv/linux/profil-counter.h
fn=(636) __profil_counter
25 7349
fi=(162)
+17 22047
+5 14698
-5 7349
+5 36745
+2 14698
+1 6258
fe=(175)
-18 7349

fl=(122)
fn=(394)
29 1
fi=(123)
+6 5
-1 2
+2 3
+5 2
-3 2
+9 3
+3 4
fe=(122)
-21 1

fl=(173) ./stdlib/./stdlib/random_r.c
fn=(626) random_r
354 10000
+3 40000
+5 10000
-2 10000
+2 20000
+8 10000
+1 10000
+1 10000
+3 20000
+3 10000
+4 10000
-7 10000
+2 20000
+2 20000
+8 19356
-27 322
+27 322
+3 644
+3 322
-3 322
+8 322
-8 322
+8 322
-8 19356
+3 9678
-3 9678
+8 9678
-8 9678
+8 28390

fn=(618) srandom_r
162 1
+8 2
+2 1
+1 2
+7 2
-4 1
+4 2
+1 2
+5 1
+16 1
+1 1
-16 5
+5 8
+2 1
-1 2
+1 2
+2 3
+1 2
-10 2
+5 232
+2 29
-1 58
+1 58
+2 87
+1 58
-10 58
+13 6
+3 1
362 930
+9 310
-1 310
+2 310
+3 620
+3 310
+4 310
-3 620
+8 600
+3 1200
203 600
390 40
203 20
+7 22

fl=(183)
fn=(672)
78 9
+6 4
fi=(188)
940 3
+2 2
+1 2
fe=(183)
84 3
cfi=(181)
cfn=(674) _IO_file_stat
calls=1 1146 
* 18
* 2
+2 4
+11 4
+4 2
cob=(2)
cfi=(51)
cfn=(680) 0x0000000004876380
calls=1 0 
* 194
* 1
+1 2
+2 4
cfi=(182)
cfn=(682)
calls=1 329 
* 24
+1 1
+1 8
-15 1
fi=(219) ./libio/../include/sys/sysmacros.h
-44 6
fe=(183)
+44 1
-2 2
+5 2

fl=(149) ./string/../sysdeps/x86_64/multiarch/strrchr-avx2.S
fn=(504) __strrchr_avx2
46 1
+1 1
+1 1
+2 1
+1 1
+3 1
+1 1
+1 1
+33 1
+1 1
+1 1
+1 1
+1 1
+1 1
+1 1
+1 1
+1 1
+1 1
+3 1
+1 1
+9 1
+1 1
+98 1
+1 1
+8 1
+1 1
+1 1
+1 1
+1 1
+2 1
+1 1
+1 1
+1 2

fl=(167)
fn=(570)
29 2
+2 8
+29 2

fl=(97)
fn=(326)
29 2
fi=(92) ./string/../sysdeps/x86_64/multiarch/ifunc-memmove.h
+24 6
-1 4
+4 6
+14 4
+2 4
+8 4
+8 4
+2 10
fe=(97)

fl=(82)
fn=(292)
31 2
fi=(83)
+2 10
-1 4
+2 6
+2 4
+4 6
+3 8
fe=(82)
-12 2

fl=(111)
fn=(360)
31 2
fi=(112) ./wcsmbs/../sysdeps/x86_64/multiarch/ifunc-wmemset.h
+2 10
+1 6
+2 4
+8 6
+3 8
fe=(111)
-16 2

fl=(116)
fn=(376)
31 1
fi=(208)
+1 5
fe=(116)
-1 1

fl=(193) ./string/../sysdeps/x86_64/multiarch/strlen-avx2.S
fn=(726) __strlen_avx2
50 1
+13 1
+1 1
+1 1
+3 1
+2 1
+1 1
+3 1
+1 1
+8 1
+1 1
+1 1
+5 2

fl=(205) ./posix/../sysdeps/unix/sysv/linux/_exit.c
fn=(810) _Exit
27 2
+3 1
+1 2

fl=(189) ./io/../sysdeps/unix/sysv/linux/write.c
fn=(700) write
25 20000
+1 142894
+1 20000

fl=(161) ./string/../sysdeps/x86_64/multiarch/memset-vec-unaligned-erms.S
fn=(558) __memset_avx2_unaligned_erms
181 1
+1 3
+5 1
+1 1
+1 1
+1 1
+69 1
+1 1
+88 1
+1 1
+1 1
+1 10569
+1 1
+1 2

fl=(91)
fn=(312)
29 1
fi=(92)
+24 3
-1 2
+4 3
+14 2
+2 2
+8 2
+8 2
+2 5
fe=(91)

fl=(152)
fn=(512)
242 12
343 3
+1 3
cfi=(153)
cfn=(514)
calls=1 69 
* 71
+25 6
+6 2
-3 2
+10 2
cob=(2)
cfi=(51)
cfn=(584) 0x00000000048766d0
calls=1 0 
* 836
+2 2
+8 4
cfi=(168) ./csu/../sysdeps/nptl/libc_start_call_main.h
cfn=(590) (below main)
calls=1 29 
* 13377927361
128 2
+6 3
+1 6
cob=(2)
cfi=(51)
cfn=(518) 0x0000000000109000
calls=1 0 
* 13383
* 1
+3 1
+1 2
+3 2
+1 2
-1 1
+2 7
+1 4
cob=(5)
cfi=(151)
cfn=(578)
calls=1 0 
* 12
-1 4

fl=(144)
fn=(464)
96 2
+5 1
-5 1
+5 1
-5 3
+5 3
cob=(2)
cfi=(51)
cfn=(452) 0x0000000004876650
calls=1 0 
* 22
+2 4
cob=(2)
cfi=(51)
cfn=(452)
calls=1 0 
* 22
+2 4
cob=(2)
cfi=(51)
cfn=(452)
calls=1 0 
* 22
+2 4
cob=(2)
cfi=(51)
cfn=(452)
calls=1 0 
* 22
+2 4
cob=(2)
cfi=(51)
cfn=(452)
calls=1 0 
* 22
+4 3
+1 1
+1 6

fl=(103)
fn=(342)
66 1
-25 4
+1 3
+2 2
+5 3
+3 3
+14 1

fl=(141)
fn=(450)
50 2
+1 2
-1 4
+1 3
cob=(2)
cfi=(51)
cfn=(452)
calls=1 -51 
* 840
+2 4
cob=(2)
cfi=(51)
cfn=(452)
calls=1 -53 
* 23
+2 6

fl=(171)
fn=(596)
28 3
+2 2
-1 1
+5 3

fl=(113)
fn=(364)
29 1
fi=(83)
+4 5
-1 2
+2 3
+2 2
+4 3
+3 4
fe=(113)
-14 1

fl=(125)
fn=(400)
33 1
fi=(92)
+20 3
-1 2
+4 3
+14 2
+2 2
+8 2
+8 2
+2 5
fe=(125)

fl=(155) ./malloc/./malloc/malloc.c
fn=(542) tcache_init.part.0
3235 3
+9 8
+1 3
cfn=(544) _int_malloc
calls=1 1343 
* 367
* 1
+1 2
+8 4
+7 2
+2 1
+1 2
-1 1
+1 86
+3 4

fn=(546) sysmalloc
2548 27
+20 12
+11 6
+1 9
+26 3
+1 9
+1 3
+9 20
+6 9
+3 9
2941 6
+1 3
+5 6
+3 6
+5 6
-2 3
+2 3
-1 3
+1 3
-3 3
+3 3
+1 3
-1 9
+1 3
+2 6
+6 33
2687 6
+9 12
+13 9
+8 15
+8 6
+39 6
+2 9
+6 10
+1 2
2946 2
2773 6
+2 2
2896 1
-1 1
+1 3
+1 1
+11 2
fi=(156) ./malloc/./malloc/arena.c
565 3
fe=(155)
2727 3
cfi=(158)
cfn=(550)
calls=3 25 
* 143
+1 6
-1 3
+1 3
2028 3
2729 3
2028 3
2729 3
2028 6
2730 3
+3 6
+33 6
2610 6
2775 2
+40 3
+22 1
+1 1
-1 1
+1 6
+2 2
+1 3
cfi=(158)
cfn=(550)
calls=1 25 
* 28
+12 2
-12 1
+12 1
2028 4
2897 4
2765 2
-52 3

fn=(532) calloc
3624 2
+10 1
-10 4
+10 8
+8 2
+3 3
+2 3
+32 3
cfn=(544)
calls=1 1343 
* 142
+2 5
fi=(156)
162 3
fe=(155)
3681 2
+3 3
+14 2
+11 1
+5 1
-2 2
-3 1
+12 4
-20 4
+31 1
+2 2
+2 2
fi=(156)
315 1
cfn=(536) ptmalloc_init.part.0
calls=1 -2 
* 1128
* 1
fe=(155)
3657 1
+1 3
+7 1
+97 1
-25 2
+25 4
-25 1
cob=(2)
cfi=(51)
cfn=(556) 0x0000000004876670
calls=1 0 
* 10587
3241 4
cfn=(542)
calls=1 -6 
* 484
* 1

fn=(652) _int_free
4421 400120024
+10 50015003
-10 150045009
+10 100030006
+6 250075015
+1 100030006
+4 200060012
+8 250075015
-1 100030006
+1 100030006
+29 50015002
-20 50015002
-6 50015002
+6 100030004
+20 200060008
+14 19992
+11 39980
+2 29985
2012 29985
4527 9995
+1 9995
+4 29985
+2 29985
+4 19990
+2 39980
+1 9995
+19 39978
4702 550165033
4569 2
+3 1
+3 3
+7 1
-4 1
+4 2
+3 2
+5 3
+3 2
+1 2
+1 2
2012 3
4601 2
+9 2
+5 2
+4 1
+9 1
-1 1
+1 3
+1 2
+2 1
+2 2
+5 1
+1 1
+2 3
+1 1
+30 2
+20 3
3181 50005007
+4 50005007
-4 50005007
+2 200020028
+1 50005007
+1 50005007
4482 50005007
4635 3
-48 3
-2 2

fn=(544)
1343 20010
3771 10005
1362 10005
3771 80040
1362 20010
3811 2
+27 2
+66 10003
+2 10003
-2 10003
+2 20006
1362 20008
3811 20008
4397 20008
3838 20008
+63 6
+62 67
+1 6
+1 1
3838 2
1362 1
3843 2
+2 2
+8 30003
-10 10001
+2 50008
4399 20006
3903 10003
4399 130039
3983 10003
+1 10003
-1 20006
-1 20006
+2 20006
-1 2
+1 2
-1 4
-1 4
+2 4
-2 30012
+12 10004
-6 10004
+73 40016
-67 30013
-6 1
+73 4
-67 3
4413 90045
4183 20010
+2 6
+3 2
-3 2
+3 4
+68 20010
+1 10005
+1 10005
-1 10005
+1 10005
+1 20010
+1 30015
+5 20010
+4 30015
+3 40016
-3 30012
+3 40012
-3 20006
+3 30006
+97 10005
+1 20010
+2 20010
+3 30021
+17 9
3904 3
4380 10002
-2 20004
+2 10002
-1 10002
+6 10002
-5 10002
-3 10002
+3 10002
+2 10002
-2 40008
2005 10002
4382 10002
2005 20004
4407 12
cfn=(546)
calls=3 2548 
* 563
* 3
+1 6
2005 9

fn=(604) malloc
3287 300090018
+7 100030006
1343 100030006
+19 200060012
3306 200060012
+3 100030006
+10 30009
+28 50015
1362 50015002
3304 150045006
+7 150045009
3193 100010000
+1 100010000
+2 50005000
+1 50005000
-1 150015000
+1 50005000
+1 50005000
3347 250025000
-26 40012
cfn=(544)
calls=10003 1343 
* 1410744
+1 50015
fi=(156)
162 20006
fe=(155)

fn=(648) free
3352 50015003
+4 100030006
-4 50015003
+14 50015003
-14 100030006
+12 50015003
+4 50015003
-4 50015003
+4 100030006
+17 150045009
fi=(156)
162 150045009
fe=(155)
3391 100030006
cfn=(652)
calls=50015003 4421 
* 3201170128
+3 50015003
+1 200060012

fl=(165)
fn=(566)
43 12
+5 4
+2 2
+1 2
+7 2
-7 8
-1 2
+3 2
-2 10
+7 2
-5 2
-2 2
+2 2
-2 2
+2 6
+5 6
-7 8
+7 12
+5 6
+2 1
+1 4
-1 1
+2 1
-1 6
+1 1
+1 1
-2 2
+2 1
-2 4
+5 12

fl=(180)
fn=(664)
24 20002
+3 40004
+3 80008
+1 20002
+2 20002
+1 20002

fn=(702)
39 20002
+3 40004
+2 40004
+1 40004
+2 20002

fl=(159)
fn=(552)
37 8
+6 4
-6 4
+3 4
-3 8
+3 4
+3 4
+20 1
+15 20
-20 8
+1 2
cfi=(160) ./misc/../sysdeps/unix/sysv/linux/brk.c
cfn=(554) brk
calls=1 -24 
* 9
* 2
+4 1
-1 8
+4 12
+8 3
cfi=(160)
cfn=(554)
calls=3 -39 
* 27
* 6

fl=(114)
fn=(368)
31 1
fi=(83)
+2 5
-1 2
+2 3
+2 2
+4 3
+3 4
fe=(114)
-12 1

fl=(85)
fn=(298)
65 1
-24 2
+1 1
-1 2
+1 2
+2 2
+5 3
+3 3
+13 1

fl=(107)
fn=(350)
29 1
fi=(100)
+7 2
+1 1
-1 2
+1 2
+2 2
+4 3
+3 3
fe=(107)
-17 1

fl=(168)
fn=(590)
29 4
+15 1
-15 5
+15 1
cfi=(169) ./setjmp/../sysdeps/x86_64/bsd-_setjmp.S
cfn=(592) _setjmp
calls=1 -16 
* 34
* 1
+2 2
+5 2
+1 2
+3 2
+3 6
cob=(5)
cfi=(151)
cfn=(598)
calls=1 -58 
* 13377922096
* 1
+16 1
cfi=(190) ./stdlib/./stdlib/exit.c
cfn=(712) exit
calls=1 +68 
* 5203

fl=(80)
fn=(288)
86 1
fi=(81) ./string/../sysdeps/x86/cacheinfo.h
-25 1
+3 3
+2 1
+1 1
-1 2
+7 3
+2 1
+1 1
-1 2
+5 2
+2 2
+1 2
+1 2
+2 2
fe=(80)
* 2

fl=(202) ./stdlib/./stdlib/cxa_finalize.c
fn=(756) __cxa_finalize
30 4
+3 4
-3 14
+3 8
+3 6
+4 12
-4 6
+58 8
+4 12
-4 6
+11 4
+1 4
cfi=(203)
cfn=(758)
calls=2 -30 
* 32
+1 8
+1 16

fl=(139)
fn=(446)
38 2
+1 7
+1 1

fl=(172) ./stdlib/./stdlib/random.c
fn=(616) srand
209 2
+1 1
-1 1
+1 3
+1 3
cfi=(173)
cfn=(618)
calls=1 -49 
* 6830
+1 4
+1 2

fn=(624) random
288 20000
+3 10000
-3 30000
+3 20000
+2 30000
cfi=(173)
cfn=(626)
calls=10000 +61 
* 318712
+2 40000
+2 10000
+1 50000

fl=(174) ./stdlib/./stdlib/rand.c
fn=(622) rand
26 20000
+1 10000
cfi=(172)
cfn=(624)
calls=10000 288 
* 528712
+1 20000

fl=(108)
fn=(354)
31 1
fi=(208)
+1 5
fe=(108)
-1 1

fl=(166)
fn=(568)
26 2
+1 4
+1 2

fl=(190)
fn=(714) __run_exit_handlers
40 11
+5 2
+3 5
+50 1
-42 1
+2 3
+8 9
+2 2
+3 2
-3 2
+3 12
+34 2
+1 2
+1 2
-2 2
+7 2
-3 4
+3 6
+1 6
cob=(1)
cfi=(201)
cfn=(746)
calls=1 -82 
* 897
cfi=(154)
cfn=(718)
calls=1 440 
* 3808
+1 8
+10 2
+1 2
-63 1
+69 4
+2 2
+1 6
cfi=(182)
cfn=(796)
calls=1 863 
* 365
* 3
+2 2
cfi=(205)
cfn=(810)
calls=1 27 
* 5
-90 1
cfi=(191) ./stdlib/./stdlib/cxa_thread_atexit_impl.c
cfn=(716) __call_tls_dtors
calls=1 149 
* 12
* 1

fn=(712)
142 3
+1 3
-1 1
+1 1
cfn=(714)
calls=1 40 
* 5195

fl=(198)
fn=(738)
367 2
51 6
+1 4
367 2
57 4
+8 2
-3 2
-23 2
+1 4
+30 2
369 4
40 6
+1 4
+33 4
+6 8
+4 6
+3 6

fl=(156)
fn=(536)
313 1
fi=(155)
3162 3
fe=(156)
313 5
+5 1
fi=(155)
3162 2
cfi=(157)
cfn=(538)
calls=1 28 
* 9
* 2
fe=(156)
343 2
+4 3
fi=(155)
1966 4
+3 1
-3 1
+3 2
-3 2
+3 126
-3 126
+3 252
-3 252
fe=(156)
352 3
fi=(155)
1977 1
+1 1
+2 1
fe=(156)
352 1
cob=(2)
cfi=(51)
cfn=(452)
calls=1 0 
* 23
+1 4
cob=(2)
cfi=(51)
cfn=(452)
calls=1 0 
* 22
+1 4
cob=(2)
cfi=(51)
cfn=(452)
calls=1 0 
* 23
+1 4
cob=(2)
cfi=(51)
cfn=(452)
calls=1 0 
* 23
+1 4
cob=(2)
cfi=(51)
cfn=(452)
calls=1 0 
* 22
+1 4
cob=(2)
cfi=(51)
cfn=(452)
calls=1 0 
* 23
+1 4
cob=(2)
cfi=(51)
cfn=(452)
calls=1 0 
* 23
+2 4
cob=(2)
cfi=(51)
cfn=(452)
calls=1 0 
* 23
+1 4
cob=(2)
cfi=(51)
cfn=(452)
calls=1 0 
* 23
+1 4
cob=(2)
cfi=(51)
cfn=(452)
calls=1 0 
* 23
+3 4
cob=(2)
cfi=(51)
cfn=(452)
calls=1 0 
* 23
+1 4
cob=(2)
cfi=(51)
cfn=(452)
calls=1 0 
* 23
+1 2
+63 7

fl=(104)
fn=(344)
31 1
fi=(208)
+1 5
fe=(104)
-1 1

fl=(160)
fn=(554)
35 4
+1 16
+1 8
+6 4
+1 4

fl=(181)
fn=(808)
792 5
+5 4
+2 1
+1 2
+11 2
+4 4

fn=(674)
1146 1
+1 2
cfi=(184)
cfn=(676)
calls=1 29 
* 15

fn=(684) _IO_do_write@@GLIBC_2.2.5
423 20001
+2 60003
+1 1
-3 20000
fi=(188)
940 20000
fe=(181)
423 40000
fi=(188)
940 20000
fe=(181)
423 20000
fi=(188)
940 40000
fe=(181)
423 100000
+20 20000
-10 40000
+7 80000
fi=(188)
942 40000
+1 40000
fe=(181)
448 80000
cfn=(698) _IO_file_write@@GLIBC_2.2.5
calls=20000 1173 
* 922894
* 20000
+1 100000
+2 20000
+4 40000
-3 40000
-1 40000
+4 40000
-2 20000
-28 80000
+1 160000
+28 40000

fn=(668)
731 100035
+1 80028
+7 100033
+37 20006
-2 40012
+3 12
+3 18
+1 18
+1 24
+4 6
+1 24
-45 2
+12 2
+9 3
+5 3
+2 2
-3 2
+3 1
+1 1
-6 1
+1 1
+5 4
+1 1
+2 2
+13 20001
-12 20001
+1 20001
+11 40002
-12 20001
cfn=(684)
calls=20001 423 
* 2162899
-31 2
cfi=(182)
cfn=(670)
calls=1 343 
* 325
+1 1
+9 1
-9 5

fn=(698)
1173 140000
+2 120000
+5 20000
cfi=(189)
cfn=(700)
calls=20000 25 
* 182894
+1 40000
+5 20000
+1 20000
-12 40000
+4 60000
+1 40000
+10 60000
+3 120000
-4 60000

fn=(666)
1197 400000
+7 80000
-7 240000
+6 300000
+9 140000
-2 280000
+17 3
+6 69999
+2 69999
+2 139998
-2 69999
+1 69999
+1 69999
-2 69999
cob=(2)
cfi=(51)
cfn=(690) 0x00000000048763e0
calls=69999 0 
* 1402961
* 69999
+4 139998
+28 720000
-55 69999
+4 69999
-4 69999
+1 139998
+18 1
+12 1
fi=(188)
940 3
+2 2
+1 2
fe=(181)
1243 20000
fi=(188)
940 60000
+2 40000
+1 40000
fe=(181)
1243 60003
cfn=(668)
calls=20001 731 
* 2623276
* 40002
+6 40002
+1 140007
+2 40002
+11 60003
+1 4
cfi=(182)
cfn=(686)
calls=1 371 
* 351
+2 3
-48 476652
-2 517764
+4 20000
+11 60000
443 40000

fn=(804)
381 3
+1 1
cfi=(182)
cfn=(806)
calls=1 +70 
* 69
* 2
+3 1
+4 2
-2 3
+3 2

fl=(169)
fn=(592)
28 1
+2 1
+2 1
cfi=(170)
cfn=(594)
calls=1 -2 
* 31

fl=(186)
fn=(688)
163 60000
+3 120000
+2 60000
+9 884460
+9 60000

fl=(179) ./string/../sysdeps/x86_64/multiarch/strchr-avx2.S
fn=(662) __strchrnul_avx2
51 50000
+2 50000
+1 50000
+1 50000
+1 50000
+1 50000
+3 50000
+1 50000
+4 50000
+1 50000
+1 50000
+1 50000
+1 50000
+1 50000
+1 50000
+1 50000
+6 50000
+1 100000

fl=(191)
fn=(716)
149 4
+1 4
+18 4

fl=(185)
fn=(678)
153 2
-55 2
+70 3
+1 1

ob=(2)
fl=(51)
fn=(164)
0 6
cob=(1)
cfi=(52)
cfn=(166)
calls=3 175 
0 9599

fn=(654)
0 40000
cob=(3)
cfi=(177)
cfn=(656)
calls=20000 28 
0 20780638

fn=(680)
0 2
cob=(3)
cfi=(155)
cfn=(604)
calls=1 3287 
0 192

fn=(480)
0 6
cob=(4)
cfi=(146)
cfn=(484)
calls=1 0 
0 12
0 1
cob=(4)
cfi=(146)
cfn=(492)
calls=1 0 
0 5
0 2

fn=(574)
0 2
cob=(3)
cfi=(153)
cfn=(514)
calls=1 69 
0 75

fn=(614)
0 2
cob=(3)
cfi=(172)
cfn=(616)
calls=1 209 
0 6846

fn=(770)
0 4

fn=(620)
0 20000
cob=(3)
cfi=(174)
cfn=(622)
calls=10000 26 
0 578712

fn=(782)
0 2
cob=(3)
cfi=(202)
cfn=(756)
calls=1 30 
0 72

fn=(610)
0 2
cob=(3)
cfi=(129)
cfn=(612)
calls=1 31 
0 6

fn=(774)
0 3
cob=(4)
cfi=(146)
cfn=(776)
calls=1 0 
0 105
0 2

fn=(518)
0 6
cob=(5)
cfi=(151)
cfn=(522)
calls=1 0 
0 13375
0 2

fn=(602)
0 100030004
cob=(3)
cfi=(155)
cfn=(604)
calls=50015002 3287 
0 2152085686

fn=(160)
0 2
cob=(1)
cfi=(52)
cfn=(162)
calls=1 225 
0 2782

fn=(452)
0 38
cob=(1)
cfi=(10)
cfn=(24)
calls=19 402 
0 391
cob=(1)
cfi=(142)
cfn=(458)
calls=1 67 
0 813
0 5

fn=(502)
0 2
cob=(3)
cfi=(149)
cfn=(504)
calls=1 46 
0 34

fn=(646)
0 100030004
cob=(3)
cfi=(155)
cfn=(648)
calls=50015002 3352 
0 4451545071

fn=(690)
0 139998
cob=(3)
cfi=(187)
cfn=(692)
calls=69999 294 
0 1262963

fn=(584)
0 2
cob=(1)
cfi=(49)
cfn=(588)
calls=1 117 
0 5
cob=(1)
cfi=(142)
cfn=(458)
calls=1 67 
0 824
0 5

fn=(660)
0 100000
cob=(3)
cfi=(179)
cfn=(662)
calls=50000 51 
0 950000

fn=(724)
0 2
cob=(3)
cfi=(193)
cfn=(726)
calls=1 50 
0 14

fn=(754)
0 2
cob=(3)
cfi=(202)
cfn=(756)
calls=1 30 
0 72

fn=(528)
0 2
cob=(3)
cfi=(155)
cfn=(532)
calls=1 3624 
0 12420
cob=(1)
cfi=(142)
cfn=(458)
calls=1 67 
0 622
0 5

fn=(744)
0 2
cob=(3)
cfi=(155)
cfn=(648)
calls=1 3352 
0 132

fn=(524)
0 2
cob=(3)
cfi=(154)
cfn=(526)
calls=1 123 
0 13280

fn=(556)
0 2
cob=(3)
cfi=(161)
cfn=(558)
calls=1 181 
0 10585

totals: 13378198143
